% ----------------------------- 
%       Aurea Technology      - 
%    ChronoXea - Histogram    - 
% ----------------------------- 
% Date          : 18/12/25
% Time          : 12:14:34
% Channel       : 197905
% Bin width     : 13 ps
%
% Histo data (in ns):
% x    y
122.1740	1
122.1870	0
122.2000	0
122.2130	0
122.2260	0
122.2390	0
122.2520	1
122.2650	1
122.2780	5
122.2910	3
122.3040	2
122.3170	5
122.3300	1
122.3430	1
122.3560	6
122.3690	8
122.3820	5
122.3950	7
122.4080	10
122.4210	3
122.4340	8
122.4470	8
122.4600	6
122.4730	5
122.4860	3
122.4990	5
122.5120	6
122.5250	8
122.5380	6
122.5510	7
122.5640	5
122.5770	2
122.5900	7
122.6030	1
122.6160	4
122.6290	5
122.6420	2
122.6550	6
122.6680	2
122.6810	3
122.6940	5
122.7070	3
122.7200	5
122.7330	4
122.7460	2
122.7590	5
122.7720	4
122.7850	4
122.7980	6
122.8110	8
122.8240	6
122.8370	4
122.8500	7
122.8630	4
122.8760	2
122.8890	1
122.9020	3
122.9150	4
122.9280	2
122.9410	3
122.9540	5
122.9670	4
122.9800	3
122.9930	5
123.0060	5
123.0190	5
123.0320	2
123.0450	3
123.0580	7
123.0710	0
123.0840	5
123.0970	6
123.1100	4
123.1230	4
123.1360	3
123.1490	6
123.1620	6
123.1750	9
123.1880	4
123.2010	3
123.2140	7
123.2270	1
123.2400	12
123.2530	2
123.2660	1
123.2790	5
123.2920	7
123.3050	3
123.3180	11
123.3310	2
123.3440	2
123.3570	3
123.3700	7
123.3830	2
123.3960	5
123.4090	5
123.4220	2
123.4350	8
123.4480	5
123.4610	5
123.4740	10
123.4870	5
123.5000	3
123.5130	7
123.5260	4
123.5390	6
123.5520	6
123.5650	9
123.5780	4
123.5910	1
123.6040	6
123.6170	2
123.6300	6
123.6430	8
123.6560	5
123.6690	5
123.6820	2
123.6950	4
123.7080	7
123.7210	4
123.7340	3
123.7470	7
123.7600	8
123.7730	6
123.7860	4
123.7990	2
123.8120	4
123.8250	6
123.8380	5
123.8510	6
123.8640	5
123.8770	3
123.8900	4
123.9030	5
123.9160	7
123.9290	6
123.9420	4
123.9550	4
123.9680	7
123.9810	6
123.9940	7
124.0070	5
124.0200	0
124.0330	2
124.0460	6
124.0590	5
124.0720	9
124.0850	7
124.0980	3
124.1110	6
124.1240	6
124.1370	7
124.1500	7
124.1630	9
124.1760	4
124.1890	8
124.2020	6
124.2150	5
124.2280	8
124.2410	3
124.2540	4
124.2670	2
124.2800	6
124.2930	3
124.3060	9
124.3190	5
124.3320	5
124.3450	2
124.3580	6
124.3710	3
124.3840	1
124.3970	7
124.4100	3
124.4230	4
124.4360	5
124.4490	8
124.4620	1
124.4750	2
124.4880	3
124.5010	2
124.5140	2
124.5270	5
124.5400	3
124.5530	5
124.5660	1
124.5790	8
124.5920	6
124.6050	6
124.6180	5
124.6310	2
124.6440	3
124.6570	4
124.6700	4
124.6830	3
124.6960	3
124.7090	10
124.7220	2
124.7350	7
124.7480	7
124.7610	6
124.7740	7
124.7870	6
124.8000	8
124.8130	3
124.8260	5
124.8390	5
124.8520	5
124.8650	8
124.8780	4
124.8910	1
124.9040	4
124.9170	7
124.9300	6
124.9430	6
124.9560	6
124.9690	7
124.9820	4
124.9950	7
125.0080	7
125.0210	6
125.0340	5
125.0470	5
125.0600	3
125.0730	7
125.0860	8
125.0990	4
125.1120	3
125.1250	5
125.1380	7
125.1510	5
125.1640	5
125.1770	1
125.1900	7
125.2030	3
125.2160	8
125.2290	7
125.2420	7
125.2550	6
125.2680	8
125.2810	4
125.2940	3
125.3070	5
125.3200	4
125.3330	3
125.3460	5
125.3590	3
125.3720	5
125.3850	3
125.3980	3
125.4110	6
125.4240	5
125.4370	11
125.4500	10
125.4630	9
125.4760	6
125.4890	3
125.5020	5
125.5150	6
125.5280	3
125.5410	3
125.5540	3
125.5670	2
125.5800	3
125.5930	6
125.6060	5
125.6190	3
125.6320	1
125.6450	10
125.6580	4
125.6710	3
125.6840	8
125.6970	4
125.7100	5
125.7230	0
125.7360	4
125.7490	9
125.7620	8
125.7750	7
125.7880	3
125.8010	4
125.8140	7
125.8270	7
125.8400	6
125.8530	9
125.8660	5
125.8790	7
125.8920	8
125.9050	2
125.9180	2
125.9310	2
125.9440	8
125.9570	4
125.9700	2
125.9830	7
125.9960	7
126.0090	5
126.0220	0
126.0350	7
126.0480	4
126.0610	7
126.0740	1
126.0870	3
126.1000	5
126.1130	1
126.1260	6
126.1390	3
126.1520	6
126.1650	7
126.1780	7
126.1910	4
126.2040	4
126.2170	3
126.2300	3
126.2430	8
126.2560	2
126.2690	8
126.2820	5
126.2950	6
126.3080	2
126.3210	8
126.3340	5
126.3470	6
126.3600	4
126.3730	3
126.3860	2
126.3990	7
126.4120	3
126.4250	6
126.4380	4
126.4510	4
126.4640	6
126.4770	8
126.4900	2
126.5030	8
126.5160	6
126.5290	2
126.5420	9
126.5550	4
126.5680	4
126.5810	6
126.5940	12
126.6070	7
126.6200	4
126.6330	5
126.6460	3
126.6590	4
126.6720	6
126.6850	1
126.6980	2
126.7110	5
126.7240	5
126.7370	2
126.7500	5
126.7630	6
126.7760	2
126.7890	10
126.8020	7
126.8150	5
126.8280	4
126.8410	2
126.8540	4
126.8670	2
126.8800	6
126.8930	6
126.9060	5
126.9190	3
126.9320	12
126.9450	5
126.9580	4
126.9710	1
126.9840	11
126.9970	5
127.0100	4
127.0230	2
127.0360	8
127.0490	4
127.0620	7
127.0750	2
127.0880	2
127.1010	6
127.1140	4
127.1270	5
127.1400	3
127.1530	2
127.1660	4
127.1790	3
127.1920	5
127.2050	1
127.2180	5
127.2310	5
127.2440	6
127.2570	3
127.2700	1
127.2830	4
127.2960	11
127.3090	4
127.3220	5
127.3350	4
127.3480	7
127.3610	10
127.3740	4
127.3870	6
127.4000	2
127.4130	6
127.4260	5
127.4390	5
127.4520	10
127.4650	5
127.4780	4
127.4910	7
127.5040	4
127.5170	4
127.5300	5
127.5430	7
127.5560	5
127.5690	8
127.5820	4
127.5950	4
127.6080	9
127.6210	6
127.6340	7
127.6470	4
127.6600	5
127.6730	3
127.6860	4
127.6990	3
127.7120	2
127.7250	7
127.7380	6
127.7510	7
127.7640	6
127.7770	2
127.7900	4
127.8030	0
127.8160	1
127.8290	5
127.8420	6
127.8550	4
127.8680	2
127.8810	2
127.8940	6
127.9070	4
127.9200	5
127.9330	5
127.9460	4
127.9590	4
127.9720	9
127.9850	9
127.9980	7
128.0110	2
128.0240	6
128.0370	8
128.0500	5
128.0630	3
128.0760	7
128.0890	5
128.1020	6
128.1150	7
128.1280	2
128.1410	2
128.1540	9
128.1670	2
128.1800	9
128.1930	3
128.2060	5
128.2190	4
128.2320	6
128.2450	4
128.2580	4
128.2710	3
128.2840	6
128.2970	6
128.3100	6
128.3230	6
128.3360	7
128.3490	3
128.3620	5
128.3750	2
128.3880	2
128.4010	4
128.4140	8
128.4270	3
128.4400	8
128.4530	3
128.4660	8
128.4790	3
128.4920	5
128.5050	5
128.5180	3
128.5310	4
128.5440	3
128.5570	6
128.5700	4
128.5830	2
128.5960	5
128.6090	8
128.6220	2
128.6350	7
128.6480	6
128.6610	6
128.6740	8
128.6870	8
128.7000	4
128.7130	11
128.7260	4
128.7390	3
128.7520	5
128.7650	9
128.7780	2
128.7910	0
128.8040	4
128.8170	5
128.8300	4
128.8430	7
128.8560	6
128.8690	4
128.8820	2
128.8950	7
128.9080	4
128.9210	6
128.9340	8
128.9470	3
128.9600	7
128.9730	6
128.9860	8
128.9990	2
129.0120	7
129.0250	2
129.0380	5
129.0510	7
129.0640	4
129.0770	6
129.0900	8
129.1030	8
129.1160	5
129.1290	7
129.1420	3
129.1550	4
129.1680	8
129.1810	3
129.1940	4
129.2070	3
129.2200	6
129.2330	5
129.2460	5
129.2590	5
129.2720	4
129.2850	9
129.2980	7
129.3110	8
129.3240	3
129.3370	8
129.3500	12
129.3630	4
129.3760	1
129.3890	3
129.4020	6
129.4150	5
129.4280	8
129.4410	5
129.4540	3
129.4670	4
129.4800	3
129.4930	5
129.5060	9
129.5190	7
129.5320	5
129.5450	4
129.5580	1
129.5710	7
129.5840	5
129.5970	5
129.6100	4
129.6230	8
129.6360	3
129.6490	5
129.6620	7
129.6750	8
129.6880	3
129.7010	9
129.7140	8
129.7270	6
129.7400	9
129.7530	9
129.7660	3
129.7790	7
129.7920	6
129.8050	5
129.8180	6
129.8310	5
129.8440	8
129.8570	6
129.8700	8
129.8830	5
129.8960	6
129.9090	7
129.9220	9
129.9350	5
129.9480	8
129.9610	6
129.9740	8
129.9870	9
130.0000	9
130.0130	4
130.0260	2
130.0390	8
130.0520	7
130.0650	7
130.0780	7
130.0910	4
130.1040	5
130.1170	7
130.1300	6
130.1430	9
130.1560	5
130.1690	5
130.1820	2
130.1950	8
130.2080	4
130.2210	7
130.2340	5
130.2470	4
130.2600	5
130.2730	10
130.2860	3
130.2990	7
130.3120	9
130.3250	5
130.3380	3
130.3510	3
130.3640	6
130.3770	7
130.3900	6
130.4030	4
130.4160	11
130.4290	4
130.4420	6
130.4550	7
130.4680	5
130.4810	5
130.4940	5
130.5070	3
130.5200	3
130.5330	6
130.5460	7
130.5590	11
130.5720	5
130.5850	6
130.5980	5
130.6110	3
130.6240	8
130.6370	10
130.6500	5
130.6630	5
130.6760	8
130.6890	4
130.7020	2
130.7150	7
130.7280	7
130.7410	3
130.7540	6
130.7670	3
130.7800	8
130.7930	10
130.8060	4
130.8190	2
130.8320	6
130.8450	4
130.8580	6
130.8710	3
130.8840	8
130.8970	7
130.9100	2
130.9230	9
130.9360	12
130.9490	5
130.9620	7
130.9750	7
130.9880	6
131.0010	10
131.0140	2
131.0270	4
131.0400	5
131.0530	6
131.0660	12
131.0790	1
131.0920	10
131.1050	2
131.1180	9
131.1310	4
131.1440	4
131.1570	2
131.1700	5
131.1830	3
131.1960	4
131.2090	6
131.2220	7
131.2350	5
131.2480	5
131.2610	6
131.2740	5
131.2870	1
131.3000	3
131.3130	8
131.3260	4
131.3390	5
131.3520	2
131.3650	7
131.3780	3
131.3910	4
131.4040	3
131.4170	4
131.4300	3
131.4430	1
131.4560	7
131.4690	6
131.4820	8
131.4950	6
131.5080	15
131.5210	7
131.5340	9
131.5470	7
131.5600	6
131.5730	9
131.5860	4
131.5990	6
131.6120	15
131.6250	10
131.6380	5
131.6510	3
131.6640	12
131.6770	5
131.6900	4
131.7030	5
131.7160	9
131.7290	9
131.7420	3
131.7550	4
131.7680	10
131.7810	5
131.7940	7
131.8070	2
131.8200	6
131.8330	4
131.8460	3
131.8590	6
131.8720	5
131.8850	1
131.8980	11
131.9110	12
131.9240	8
131.9370	6
131.9500	11
131.9630	8
131.9760	7
131.9890	5
132.0020	5
132.0150	5
132.0280	7
132.0410	9
132.0540	7
132.0670	2
132.0800	7
132.0930	4
132.1060	6
132.1190	7
132.1320	7
132.1450	6
132.1580	11
132.1710	10
132.1840	5
132.1970	5
132.2100	10
132.2230	4
132.2360	5
132.2490	10
132.2620	10
132.2750	11
132.2880	8
132.3010	6
132.3140	3
132.3270	7
132.3400	7
132.3530	9
132.3660	6
132.3790	10
132.3920	6
132.4050	12
132.4180	4
132.4310	9
132.4440	4
132.4570	5
132.4700	5
132.4830	4
132.4960	9
132.5090	2
132.5220	11
132.5350	8
132.5480	6
132.5610	10
132.5740	4
132.5870	7
132.6000	6
132.6130	12
132.6260	5
132.6390	5
132.6520	11
132.6650	6
132.6780	6
132.6910	4
132.7040	9
132.7170	5
132.7300	6
132.7430	10
132.7560	12
132.7690	11
132.7820	3
132.7950	7
132.8080	12
132.8210	6
132.8340	4
132.8470	4
132.8600	7
132.8730	10
132.8860	5
132.8990	11
132.9120	7
132.9250	3
132.9380	3
132.9510	10
132.9640	8
132.9770	10
132.9900	10
133.0030	10
133.0160	6
133.0290	0
133.0420	7
133.0550	7
133.0680	7
133.0810	5
133.0940	4
133.1070	7
133.1200	13
133.1330	7
133.1460	4
133.1590	6
133.1720	5
133.1850	6
133.1980	4
133.2110	5
133.2240	5
133.2370	10
133.2500	5
133.2630	7
133.2760	6
133.2890	5
133.3020	10
133.3150	7
133.3280	5
133.3410	3
133.3540	6
133.3670	7
133.3800	4
133.3930	9
133.4060	5
133.4190	5
133.4320	4
133.4450	9
133.4580	5
133.4710	4
133.4840	2
133.4970	8
133.5100	6
133.5230	5
133.5360	4
133.5490	4
133.5620	5
133.5750	4
133.5880	4
133.6010	4
133.6140	6
133.6270	2
133.6400	8
133.6530	6
133.6660	5
133.6790	9
133.6920	6
133.7050	6
133.7180	4
133.7310	7
133.7440	5
133.7570	6
133.7700	8
133.7830	8
133.7960	5
133.8090	8
133.8220	2
133.8350	7
133.8480	7
133.8610	2
133.8740	7
133.8870	4
133.9000	6
133.9130	5
133.9260	9
133.9390	9
133.9520	4
133.9650	6
133.9780	7
133.9910	7
134.0040	7
134.0170	4
134.0300	5
134.0430	3
134.0560	6
134.0690	8
134.0820	4
134.0950	7
134.1080	5
134.1210	3
134.1340	7
134.1470	5
134.1600	9
134.1730	6
134.1860	7
134.1990	8
134.2120	7
134.2250	1
134.2380	4
134.2510	6
134.2640	12
134.2770	8
134.2900	10
134.3030	8
134.3160	8
134.3290	6
134.3420	6
134.3550	8
134.3680	5
134.3810	8
134.3940	8
134.4070	10
134.4200	8
134.4330	8
134.4460	14
134.4590	9
134.4720	5
134.4850	8
134.4980	6
134.5110	5
134.5240	4
134.5370	7
134.5500	6
134.5630	12
134.5760	4
134.5890	10
134.6020	13
134.6150	5
134.6280	8
134.6410	5
134.6540	9
134.6670	13
134.6800	13
134.6930	10
134.7060	8
134.7190	6
134.7320	10
134.7450	8
134.7580	3
134.7710	9
134.7840	12
134.7970	11
134.8100	7
134.8230	10
134.8360	9
134.8490	12
134.8620	7
134.8750	10
134.8880	12
134.9010	6
134.9140	5
134.9270	0
134.9400	7
134.9530	10
134.9660	7
134.9790	7
134.9920	12
135.0050	8
135.0180	5
135.0310	9
135.0440	9
135.0570	8
135.0700	12
135.0830	13
135.0960	2
135.1090	11
135.1220	11
135.1350	11
135.1480	12
135.1610	9
135.1740	9
135.1870	8
135.2000	11
135.2130	7
135.2260	16
135.2390	5
135.2520	17
135.2650	8
135.2780	11
135.2910	10
135.3040	4
135.3170	7
135.3300	5
135.3430	8
135.3560	15
135.3690	9
135.3820	9
135.3950	12
135.4080	13
135.4210	13
135.4340	10
135.4470	11
135.4600	11
135.4730	7
135.4860	10
135.4990	8
135.5120	9
135.5250	12
135.5380	11
135.5510	8
135.5640	8
135.5770	4
135.5900	5
135.6030	9
135.6160	6
135.6290	6
135.6420	7
135.6550	4
135.6680	9
135.6810	14
135.6940	8
135.7070	9
135.7200	6
135.7330	8
135.7460	4
135.7590	10
135.7720	8
135.7850	8
135.7980	9
135.8110	7
135.8240	6
135.8370	16
135.8500	7
135.8630	6
135.8760	10
135.8890	6
135.9020	9
135.9150	7
135.9280	13
135.9410	8
135.9540	8
135.9670	10
135.9800	7
135.9930	7
136.0060	11
136.0190	7
136.0320	11
136.0450	9
136.0580	6
136.0710	9
136.0840	8
136.0970	10
136.1100	9
136.1230	9
136.1360	11
136.1490	10
136.1620	4
136.1750	4
136.1880	5
136.2010	9
136.2140	7
136.2270	3
136.2400	11
136.2530	5
136.2660	3
136.2790	9
136.2920	3
136.3050	14
136.3180	7
136.3310	11
136.3440	7
136.3570	12
136.3700	7
136.3830	9
136.3960	6
136.4090	8
136.4220	4
136.4350	9
136.4480	3
136.4610	7
136.4740	7
136.4870	5
136.5000	9
136.5130	5
136.5260	9
136.5390	5
136.5520	2
136.5650	5
136.5780	2
136.5910	4
136.6040	4
136.6170	6
136.6300	6
136.6430	5
136.6560	2
136.6690	4
136.6820	9
136.6950	6
136.7080	2
136.7210	2
136.7340	9
136.7470	5
136.7600	7
136.7730	4
136.7860	4
136.7990	2
136.8120	2
136.8250	4
136.8380	8
136.8510	3
136.8640	1
136.8770	2
136.8900	1
136.9030	8
136.9160	2
136.9290	4
136.9420	7
136.9550	3
136.9680	5
136.9810	6
136.9940	2
137.0070	9
137.0200	5
137.0330	4
137.0460	3
137.0590	5
137.0720	7
137.0850	6
137.0980	3
137.1110	5
137.1240	2
137.1370	4
137.1500	3
137.1630	5
137.1760	4
137.1890	8
137.2020	3
137.2150	7
137.2280	8
137.2410	5
137.2540	6
137.2670	7
137.2800	8
137.2930	9
137.3060	4
137.3190	8
137.3320	9
137.3450	12
137.3580	6
137.3710	3
137.3840	8
137.3970	8
137.4100	8
137.4230	3
137.4360	8
137.4490	6
137.4620	9
137.4750	5
137.4880	11
137.5010	4
137.5140	6
137.5270	7
137.5400	9
137.5530	4
137.5660	10
137.5790	11
137.5920	10
137.6050	9
137.6180	13
137.6310	13
137.6440	8
137.6570	5
137.6700	13
137.6830	10
137.6960	13
137.7090	8
137.7220	14
137.7350	14
137.7480	5
137.7610	12
137.7740	7
137.7870	15
137.8000	11
137.8130	17
137.8260	14
137.8390	6
137.8520	11
137.8650	9
137.8780	8
137.8910	11
137.9040	17
137.9170	15
137.9300	19
137.9430	10
137.9560	14
137.9690	11
137.9820	13
137.9950	18
138.0080	22
138.0210	24
138.0340	19
138.0470	10
138.0600	11
138.0730	16
138.0860	12
138.0990	12
138.1120	14
138.1250	17
138.1380	25
138.1510	18
138.1640	20
138.1770	22
138.1900	26
138.2030	14
138.2160	21
138.2290	24
138.2420	30
138.2550	21
138.2680	21
138.2810	29
138.2940	20
138.3070	20
138.3200	30
138.3330	20
138.3460	27
138.3590	26
138.3720	26
138.3850	17
138.3980	31
138.4110	29
138.4240	21
138.4370	29
138.4500	24
138.4630	32
138.4760	37
138.4890	23
138.5020	27
138.5150	26
138.5280	29
138.5410	27
138.5540	30
138.5670	36
138.5800	30
138.5930	34
138.6060	39
138.6190	33
138.6320	32
138.6450	40
138.6580	40
138.6710	27
138.6840	31
138.6970	25
138.7100	31
138.7230	36
138.7360	37
138.7490	34
138.7620	38
138.7750	30
138.7880	27
138.8010	34
138.8140	35
138.8270	40
138.8400	30
138.8530	29
138.8660	39
138.8790	34
138.8920	37
138.9050	36
138.9180	48
138.9310	29
138.9440	46
138.9570	35
138.9700	30
138.9830	47
138.9960	41
139.0090	51
139.0220	43
139.0350	46
139.0480	29
139.0610	54
139.0740	43
139.0870	39
139.1000	62
139.1130	39
139.1260	36
139.1390	50
139.1520	55
139.1650	51
139.1780	41
139.1910	55
139.2040	41
139.2170	48
139.2300	58
139.2430	70
139.2560	54
139.2690	57
139.2820	47
139.2950	51
139.3080	44
139.3210	56
139.3340	55
139.3470	54
139.3600	57
139.3730	59
139.3860	63
139.3990	58
139.4120	57
139.4250	64
139.4380	67
139.4510	62
139.4640	68
139.4770	76
139.4900	71
139.5030	69
139.5160	59
139.5290	66
139.5420	68
139.5550	49
139.5680	68
139.5810	54
139.5940	61
139.6070	66
139.6200	65
139.6330	66
139.6460	65
139.6590	80
139.6720	67
139.6850	54
139.6980	64
139.7110	81
139.7240	74
139.7370	77
139.7500	81
139.7630	76
139.7760	78
139.7890	60
139.8020	80
139.8150	61
139.8280	62
139.8410	81
139.8540	70
139.8670	58
139.8800	53
139.8930	89
139.9060	83
139.9190	72
139.9320	72
139.9450	89
139.9580	81
139.9710	99
139.9840	85
139.9970	76
140.0100	79
140.0230	86
140.0360	90
140.0490	69
140.0620	89
140.0750	82
140.0880	100
140.1010	82
140.1140	96
140.1270	94
140.1400	85
140.1530	98
140.1660	89
140.1790	84
140.1920	105
140.2050	88
140.2180	100
140.2310	92
140.2440	103
140.2570	102
140.2700	93
140.2830	79
140.2960	87
140.3090	84
140.3220	94
140.3350	104
140.3480	74
140.3610	100
140.3740	89
140.3870	110
140.4000	92
140.4130	106
140.4260	90
140.4390	121
140.4520	110
140.4650	109
140.4780	107
140.4910	95
140.5040	111
140.5170	115
140.5300	110
140.5430	115
140.5560	118
140.5690	111
140.5820	117
140.5950	110
140.6080	108
140.6210	76
140.6340	104
140.6470	109
140.6600	99
140.6730	117
140.6860	111
140.6990	111
140.7120	101
140.7250	80
140.7380	106
140.7510	99
140.7640	99
140.7770	115
140.7900	119
140.8030	125
140.8160	136
140.8290	105
140.8420	108
140.8550	103
140.8680	95
140.8810	111
140.8940	130
140.9070	106
140.9200	121
140.9330	117
140.9460	109
140.9590	103
140.9720	91
140.9850	130
140.9980	114
141.0110	98
141.0240	108
141.0370	91
141.0500	111
141.0630	122
141.0760	118
141.0890	124
141.1020	116
141.1150	132
141.1280	128
141.1410	103
141.1540	129
141.1670	102
141.1800	123
141.1930	119
141.2060	101
141.2190	106
141.2320	121
141.2450	105
141.2580	123
141.2710	120
141.2840	130
141.2970	91
141.3100	125
141.3230	116
141.3360	124
141.3490	103
141.3620	113
141.3750	114
141.3880	118
141.4010	137
141.4140	89
141.4270	108
141.4400	137
141.4530	117
141.4660	120
141.4790	95
141.4920	125
141.5050	124
141.5180	109
141.5310	131
141.5440	111
141.5570	108
141.5700	121
141.5830	116
141.5960	122
141.6090	107
141.6220	135
141.6350	111
141.6480	85
141.6610	101
141.6740	117
141.6870	115
141.7000	108
141.7130	100
141.7260	125
141.7390	105
141.7520	112
141.7650	124
141.7780	114
141.7910	102
141.8040	126
141.8170	92
141.8300	101
141.8430	114
141.8560	108
141.8690	114
141.8820	90
141.8950	105
141.9080	104
141.9210	113
141.9340	122
141.9470	85
141.9600	108
141.9730	117
141.9860	96
141.9990	93
142.0120	104
142.0250	108
142.0380	113
142.0510	83
142.0640	106
142.0770	103
142.0900	76
142.1030	104
142.1160	86
142.1290	87
142.1420	85
142.1550	97
142.1680	92
142.1810	96
142.1940	94
142.2070	87
142.2200	78
142.2330	90
142.2460	109
142.2590	94
142.2720	110
142.2850	85
142.2980	81
142.3110	97
142.3240	99
142.3370	86
142.3500	84
142.3630	105
142.3760	96
142.3890	74
142.4020	87
142.4150	82
142.4280	62
142.4410	84
142.4540	77
142.4670	88
142.4800	81
142.4930	80
142.5060	87
142.5190	71
142.5320	75
142.5450	78
142.5580	83
142.5710	88
142.5840	81
142.5970	95
142.6100	71
142.6230	73
142.6360	66
142.6490	73
142.6620	84
142.6750	64
142.6880	74
142.7010	93
142.7140	63
142.7270	82
142.7400	58
142.7530	67
142.7660	66
142.7790	65
142.7920	61
142.8050	63
142.8180	67
142.8310	71
142.8440	66
142.8570	62
142.8700	57
142.8830	65
142.8960	56
142.9090	53
142.9220	55
142.9350	39
142.9480	54
142.9610	47
142.9740	41
142.9870	47
143.0000	48
143.0130	38
143.0260	44
143.0390	46
143.0520	48
143.0650	41
143.0780	34
143.0910	61
143.1040	35
143.1170	29
143.1300	39
143.1430	36
143.1560	37
143.1690	31
143.1820	30
143.1950	41
143.2080	34
143.2210	31
143.2340	31
143.2470	39
143.2600	28
143.2730	31
143.2860	32
143.2990	29
143.3120	25
143.3250	26
143.3380	29
143.3510	35
143.3640	24
143.3770	32
143.3900	22
143.4030	32
143.4160	36
143.4290	29
143.4420	24
143.4550	28
143.4680	18
143.4810	25
143.4940	23
143.5070	13
143.5200	24
143.5330	22
143.5460	26
143.5590	16
143.5720	14
143.5850	13
143.5980	8
143.6110	19
143.6240	12
143.6370	13
143.6500	11
143.6630	17
143.6760	17
143.6890	15
143.7020	5
143.7150	8
143.7280	18
143.7410	12
143.7540	13
143.7670	12
143.7800	17
143.7930	13
143.8060	12
143.8190	9
143.8320	15
143.8450	15
143.8580	7
143.8710	6
143.8840	11
143.8970	8
143.9100	11
143.9230	14
143.9360	3
143.9490	10
143.9620	13
143.9750	11
143.9880	13
144.0010	11
144.0140	11
144.0270	10
144.0400	2
144.0530	7
144.0660	7
144.0790	8
144.0920	10
144.1050	7
144.1180	10
144.1310	10
144.1440	8
144.1570	7
144.1700	11
144.1830	8
144.1960	11
144.2090	6
144.2220	5
144.2350	7
144.2480	10
144.2610	9
144.2740	8
144.2870	9
144.3000	11
144.3130	7
144.3260	15
144.3390	2
144.3520	9
144.3650	7
144.3780	11
144.3910	8
144.4040	10
144.4170	8
144.4300	11
144.4430	6
144.4560	6
144.4690	10
144.4820	7
144.4950	23
144.5080	10
144.5210	9
144.5340	13
144.5470	9
144.5600	11
144.5730	10
144.5860	12
144.5990	8
144.6120	7
144.6250	11
144.6380	5
144.6510	19
144.6640	10
144.6770	13
144.6900	12
144.7030	12
144.7160	10
144.7290	17
144.7420	13
144.7550	10
144.7680	17
144.7810	19
144.7940	12
144.8070	14
144.8200	16
144.8330	12
144.8460	19
144.8590	22
144.8720	20
144.8850	9
144.8980	16
144.9110	12
144.9240	21
144.9370	18
144.9500	20
144.9630	23
144.9760	19
144.9890	18
145.0020	21
145.0150	30
145.0280	18
145.0410	21
145.0540	20
145.0670	14
145.0800	23
145.0930	19
145.1060	21
145.1190	27
145.1320	16
145.1450	22
145.1580	22
145.1710	22
145.1840	19
145.1970	13
145.2100	16
145.2230	26
145.2360	24
145.2490	19
145.2620	25
145.2750	26
145.2880	25
145.3010	22
145.3140	26
145.3270	32
145.3400	26
145.3530	19
145.3660	29
145.3790	17
145.3920	23
145.4050	20
145.4180	28
145.4310	32
145.4440	29
145.4570	31
145.4700	22
145.4830	26
145.4960	14
145.5090	31
145.5220	26
145.5350	28
145.5480	33
145.5610	24
145.5740	26
145.5870	25
145.6000	31
145.6130	28
145.6260	29
145.6390	30
145.6520	22
145.6650	24
145.6780	34
145.6910	30
145.7040	26
145.7170	28
145.7300	33
145.7430	26
145.7560	22
145.7690	30
145.7820	29
145.7950	27
145.8080	31
145.8210	29
145.8340	27
145.8470	21
145.8600	39
145.8730	34
145.8860	34
145.8990	28
145.9120	29
145.9250	27
145.9380	24
145.9510	32
145.9640	27
145.9770	16
145.9900	35
146.0030	36
146.0160	27
146.0290	34
146.0420	28
146.0550	22
146.0680	32
146.0810	27
146.0940	22
146.1070	24
146.1200	28
146.1330	17
146.1460	24
146.1590	30
146.1720	23
146.1850	21
146.1980	32
146.2110	33
146.2240	29
146.2370	21
146.2500	25
146.2630	17
146.2760	35
146.2890	22
146.3020	29
146.3150	27
146.3280	25
146.3410	17
146.3540	30
146.3670	28
146.3800	30
146.3930	24
146.4060	22
146.4190	27
146.4320	20
146.4450	23
146.4580	24
146.4710	27
146.4840	18
146.4970	33
146.5100	24
146.5230	17
146.5360	19
146.5490	19
146.5620	16
146.5750	21
146.5880	32
146.6010	21
146.6140	17
146.6270	13
146.6400	16
146.6530	16
146.6660	22
146.6790	23
146.6920	20
146.7050	27
146.7180	21
146.7310	18
146.7440	10
146.7570	19
146.7700	21
146.7830	27
146.7960	15
146.8090	12
146.8220	19
146.8350	30
146.8480	16
146.8610	22
146.8740	26
146.8870	18
146.9000	16
146.9130	13
146.9260	17
146.9390	22
146.9520	15
146.9650	15
146.9780	16
146.9910	18
147.0040	26
147.0170	20
147.0300	15
147.0430	14
147.0560	13
147.0690	14
147.0820	23
147.0950	18
147.1080	14
147.1210	16
147.1340	18
147.1470	23
147.1600	15
147.1730	18
147.1860	13
147.1990	16
147.2120	20
147.2250	13
147.2380	10
147.2510	14
147.2640	12
147.2770	11
147.2900	11
147.3030	17
147.3160	23
147.3290	13
147.3420	16
147.3550	6
147.3680	9
147.3810	12
147.3940	11
147.4070	14
147.4200	14
147.4330	10
147.4460	12
147.4590	15
147.4720	9
147.4850	19
147.4980	12
147.5110	13
147.5240	13
147.5370	10
147.5500	15
147.5630	10
147.5760	11
147.5890	13
147.6020	11
147.6150	12
147.6280	12
147.6410	15
147.6540	21
147.6670	6
147.6800	12
147.6930	11
147.7060	11
147.7190	13
147.7320	10
147.7450	14
147.7580	17
147.7710	16
147.7840	12
147.7970	15
147.8100	15
147.8230	11
147.8360	13
147.8490	15
147.8620	14
147.8750	14
147.8880	15
147.9010	17
147.9140	11
147.9270	16
147.9400	15
147.9530	10
147.9660	15
147.9790	17
147.9920	20
148.0050	18
148.0180	15
148.0310	14
148.0440	18
148.0570	13
148.0700	17
148.0830	12
148.0960	8
148.1090	11
148.1220	13
148.1350	22
148.1480	20
148.1610	18
148.1740	16
148.1870	13
148.2000	9
148.2130	14
148.2260	9
148.2390	24
148.2520	11
148.2650	15
148.2780	10
148.2910	11
148.3040	20
148.3170	20
148.3300	14
148.3430	11
148.3560	16
148.3690	12
148.3820	17
148.3950	16
148.4080	19
148.4210	14
148.4340	20
148.4470	16
148.4600	17
148.4730	10
148.4860	9
148.4990	17
148.5120	15
148.5250	16
148.5380	19
148.5510	13
148.5640	19
148.5770	14
148.5900	8
148.6030	13
148.6160	11
148.6290	14
148.6420	19
148.6550	16
148.6680	29
148.6810	16
148.6940	17
148.7070	14
148.7200	15
148.7330	15
148.7460	18
148.7590	15
148.7720	19
148.7850	18
148.7980	13
148.8110	14
148.8240	13
148.8370	20
148.8500	18
148.8630	21
148.8760	16
148.8890	9
148.9020	17
148.9150	15
148.9280	13
148.9410	13
148.9540	13
148.9670	18
148.9800	16
148.9930	18
149.0060	16
149.0190	14
149.0320	15
149.0450	19
149.0580	11
149.0710	17
149.0840	15
149.0970	18
149.1100	17
149.1230	14
149.1360	15
149.1490	18
149.1620	17
149.1750	13
149.1880	19
149.2010	13
149.2140	16
149.2270	19
149.2400	12
149.2530	17
149.2660	20
149.2790	21
149.2920	15
149.3050	9
149.3180	13
149.3310	22
149.3440	18
149.3570	18
149.3700	16
149.3830	20
149.3960	11
149.4090	12
149.4220	16
149.4350	20
149.4480	14
149.4610	17
149.4740	10
149.4870	19
149.5000	14
149.5130	13
149.5260	15
149.5390	11
149.5520	14
149.5650	12
149.5780	11
149.5910	15
149.6040	17
149.6170	18
149.6300	12
149.6430	12
149.6560	14
149.6690	12
149.6820	21
149.6950	13
149.7080	16
149.7210	13
149.7340	14
149.7470	10
149.7600	12
149.7730	12
149.7860	14
149.7990	10
149.8120	9
149.8250	6
149.8380	8
149.8510	11
149.8640	12
149.8770	13
149.8900	9
149.9030	8
149.9160	8
149.9290	8
149.9420	13
149.9550	10
149.9680	8
149.9810	20
149.9940	14
150.0070	8
150.0200	17
150.0330	6
150.0460	11
150.0590	11
150.0720	9
150.0850	4
150.0980	17
150.1110	11
150.1240	10
150.1370	9
150.1500	5
150.1630	13
150.1760	13
150.1890	11
150.2020	7
150.2150	10
150.2280	6
150.2410	13
150.2540	12
150.2670	9
150.2800	9
150.2930	9
150.3060	13
150.3190	9
150.3320	6
150.3450	8
150.3580	16
150.3710	8
150.3840	10
150.3970	8
150.4100	5
150.4230	8
150.4360	7
150.4490	5
150.4620	8
150.4750	8
150.4880	8
150.5010	6
150.5140	11
150.5270	11
150.5400	9
150.5530	10
150.5660	9
150.5790	7
150.5920	12
150.6050	9
150.6180	6
150.6310	4
150.6440	15
150.6570	12
150.6700	14
150.6830	6
150.6960	10
150.7090	9
150.7220	7
150.7350	10
150.7480	13
150.7610	10
150.7740	8
150.7870	10
150.8000	7
150.8130	12
150.8260	14
150.8390	3
150.8520	15
150.8650	15
150.8780	5
150.8910	5
150.9040	6
150.9170	4
150.9300	12
150.9430	8
150.9560	6
150.9690	13
150.9820	11
150.9950	7
151.0080	10
151.0210	11
151.0340	7
151.0470	7
151.0600	11
151.0730	11
151.0860	6
151.0990	12
151.1120	13
151.1250	12
151.1380	11
151.1510	11
151.1640	4
151.1770	10
151.1900	11
151.2030	15
151.2160	5
151.2290	9
151.2420	15
151.2550	10
151.2680	10
151.2810	7
151.2940	11
151.3070	10
151.3200	11
151.3330	7
151.3460	10
151.3590	13
151.3720	4
151.3850	7
151.3980	13
151.4110	11
151.4240	12
151.4370	9
151.4500	10
151.4630	10
151.4760	6
151.4890	7
151.5020	15
151.5150	8
151.5280	13
151.5410	13
151.5540	8
151.5670	8
151.5800	16
151.5930	12
151.6060	11
151.6190	9
151.6320	10
151.6450	6
151.6580	12
151.6710	8
151.6840	13
151.6970	11
151.7100	20
151.7230	20
151.7360	9
151.7490	11
151.7620	17
151.7750	12
151.7880	10
151.8010	13
151.8140	12
151.8270	15
151.8400	7
151.8530	6
151.8660	7
151.8790	8
151.8920	11
151.9050	10
151.9180	8
151.9310	9
151.9440	10
151.9570	6
151.9700	18
151.9830	4
151.9960	13
152.0090	10
152.0220	9
152.0350	7
152.0480	9
152.0610	14
152.0740	13
152.0870	12
152.1000	9
152.1130	9
152.1260	8
152.1390	8
152.1520	13
152.1650	14
152.1780	7
152.1910	12
152.2040	10
152.2170	6
152.2300	13
152.2430	7
152.2560	11
152.2690	11
152.2820	8
152.2950	7
152.3080	11
152.3210	10
152.3340	11
152.3470	11
152.3600	7
152.3730	10
152.3860	7
152.3990	11
152.4120	10
152.4250	3
152.4380	8
152.4510	10
152.4640	12
152.4770	11
152.4900	12
152.5030	4
152.5160	9
152.5290	6
152.5420	5
152.5550	7
152.5680	6
152.5810	9
152.5940	5
152.6070	6
152.6200	6
152.6330	4
152.6460	6
152.6590	8
152.6720	8
152.6850	6
152.6980	11
152.7110	15
152.7240	5
152.7370	0
152.7500	9
152.7630	4
152.7760	6
152.7890	4
152.8020	8
152.8150	8
152.8280	6
152.8410	5
152.8540	9
152.8670	6
152.8800	6
152.8930	5
152.9060	10
152.9190	3
152.9320	7
152.9450	3
152.9580	2
152.9710	3
152.9840	9
152.9970	6
153.0100	5
153.0230	6
153.0360	5
153.0490	0
153.0620	6
153.0750	1
153.0880	8
153.1010	4
153.1140	4
153.1270	3
153.1400	3
153.1530	3
153.1660	5
153.1790	6
153.1920	8
153.2050	4
153.2180	3
153.2310	7
153.2440	4
153.2570	8
153.2700	3
153.2830	6
153.2960	3
153.3090	7
153.3220	7
153.3350	7
153.3480	5
153.3610	6
153.3740	3
153.3870	3
153.4000	8
153.4130	0
153.4260	4
153.4390	5
153.4520	9
153.4650	4
153.4780	5
153.4910	3
153.5040	3
153.5170	4
153.5300	7
153.5430	7
153.5560	8
153.5690	7
153.5820	5
153.5950	2
153.6080	7
153.6210	3
153.6340	3
153.6470	10
153.6600	7
153.6730	0
153.6860	2
153.6990	4
153.7120	1
153.7250	7
153.7380	5
153.7510	6
153.7640	4
153.7770	5
153.7900	6
153.8030	3
153.8160	6
153.8290	3
153.8420	3
153.8550	2
153.8680	8
153.8810	5
153.8940	6
153.9070	3
153.9200	6
153.9330	7
153.9460	2
153.9590	8
153.9720	7
153.9850	9
153.9980	5
154.0110	7
154.0240	4
154.0370	4
154.0500	4
154.0630	7
154.0760	11
154.0890	6
154.1020	4
154.1150	6
154.1280	5
154.1410	4
154.1540	6
154.1670	2
154.1800	6
154.1930	7
154.2060	6
154.2190	7
154.2320	4
154.2450	2
154.2580	2
154.2710	1
154.2840	9
154.2970	9
154.3100	5
154.3230	5
154.3360	11
154.3490	4
154.3620	2
154.3750	8
154.3880	5
154.4010	5
154.4140	3
154.4270	3
154.4400	3
154.4530	4
154.4660	2
154.4790	4
154.4920	5
154.5050	9
154.5180	8
154.5310	4
154.5440	7
154.5570	4
154.5700	3
154.5830	5
154.5960	1
154.6090	10
154.6220	4
154.6350	7
154.6480	6
154.6610	6
154.6740	5
154.6870	5
154.7000	3
154.7130	9
154.7260	3
154.7390	6
154.7520	3
154.7650	3
154.7780	4
154.7910	5
154.8040	5
154.8170	5
154.8300	6
154.8430	4
154.8560	6
154.8690	3
154.8820	4
154.8950	4
154.9080	6
154.9210	6
154.9340	3
154.9470	3
154.9600	6
154.9730	4
154.9860	2
154.9990	5
155.0120	3
155.0250	4
155.0380	6
155.0510	4
155.0640	7
155.0770	2
155.0900	4
155.1030	4
155.1160	3
155.1290	1
155.1420	6
155.1550	3
155.1680	4
155.1810	2
155.1940	6
155.2070	6
155.2200	6
155.2330	8
155.2460	8
155.2590	5
155.2720	5
155.2850	8
155.2980	10
155.3110	5
155.3240	3
155.3370	5
155.3500	3
155.3630	8
155.3760	2
155.3890	4
155.4020	7
155.4150	7
155.4280	9
155.4410	9
155.4540	2
155.4670	2
155.4800	4
155.4930	6
155.5060	4
155.5190	4
155.5320	3
155.5450	2
155.5580	7
155.5710	7
155.5840	7
155.5970	5
155.6100	5
155.6230	3
155.6360	6
155.6490	4
155.6620	2
155.6750	8
155.6880	5
155.7010	6
155.7140	4
155.7270	6
155.7400	5
155.7530	14
155.7660	4
155.7790	4
155.7920	0
155.8050	4
155.8180	11
155.8310	3
155.8440	5
155.8570	7
155.8700	6
155.8830	5
155.8960	4
155.9090	3
155.9220	5
155.9350	4
155.9480	6
155.9610	8
155.9740	1
155.9870	4
156.0000	4
156.0130	4
156.0260	8
156.0390	2
156.0520	4
156.0650	3
156.0780	1
156.0910	4
156.1040	8
156.1170	5
156.1300	2
156.1430	4
156.1560	10
156.1690	1
156.1820	5
156.1950	7
156.2080	2
156.2210	4
156.2340	2
156.2470	4
156.2600	3
156.2730	1
156.2860	11
156.2990	9
156.3120	4
156.3250	8
156.3380	3
156.3510	5
156.3640	9
156.3770	6
156.3900	5
156.4030	5
156.4160	8
156.4290	13
156.4420	0
156.4550	3
156.4680	4
156.4810	5
156.4940	5
156.5070	6
156.5200	1
156.5330	5
156.5460	3
156.5590	2
156.5720	3
156.5850	6
156.5980	0
156.6110	9
156.6240	7
156.6370	4
156.6500	7
156.6630	3
156.6760	5
156.6890	6
156.7020	4
156.7150	2
156.7280	7
156.7410	1
156.7540	5
156.7670	8
156.7800	6
156.7930	4
156.8060	4
156.8190	5
156.8320	3
156.8450	4
156.8580	4
156.8710	2
156.8840	9
156.8970	7
156.9100	5
156.9230	3
156.9360	5
156.9490	5
156.9620	5
156.9750	4
156.9880	8
157.0010	6
157.0140	6
157.0270	5
157.0400	7
157.0530	4
157.0660	1
157.0790	5
157.0920	10
157.1050	6
157.1180	5
157.1310	5
157.1440	7
157.1570	6
157.1700	3
157.1830	4
157.1960	8
157.2090	8
157.2220	5
157.2350	8
157.2480	4
157.2610	5
157.2740	8
157.2870	1
157.3000	4
157.3130	2
157.3260	4
157.3390	2
157.3520	4
157.3650	6
157.3780	9
157.3910	3
157.4040	5
157.4170	5
157.4300	5
157.4430	6
157.4560	5
157.4690	3
157.4820	4
157.4950	2
157.5080	9
157.5210	5
157.5340	4
157.5470	5
157.5600	5
157.5730	2
157.5860	1
157.5990	6
157.6120	4
157.6250	3
157.6380	5
157.6510	4
157.6640	3
157.6770	8
157.6900	2
157.7030	5
157.7160	6
157.7290	5
157.7420	5
157.7550	5
157.7680	4
157.7810	6
157.7940	4
157.8070	5
157.8200	4
157.8330	5
157.8460	11
157.8590	8
157.8720	2
157.8850	2
157.8980	3
157.9110	2
157.9240	1
157.9370	3
157.9500	3
157.9630	3
157.9760	7
157.9890	6
158.0020	3
158.0150	7
158.0280	4
158.0410	5
158.0540	6
158.0670	6
158.0800	8
158.0930	3
158.1060	1
158.1190	11
158.1320	3
158.1450	7
158.1580	9
158.1710	5
158.1840	7
158.1970	7
158.2100	3
158.2230	6
158.2360	6
158.2490	5
158.2620	8
158.2750	6
158.2880	5
158.3010	8
158.3140	7
158.3270	4
158.3400	5
158.3530	6
158.3660	2
158.3790	6
158.3920	8
158.4050	12
158.4180	4
158.4310	3
158.4440	6
158.4570	3
158.4700	4
158.4830	7
158.4960	8
158.5090	4
158.5220	5
158.5350	6
158.5480	4
158.5610	5
158.5740	2
158.5870	2
158.6000	6
158.6130	3
158.6260	7
158.6390	6
158.6520	11
158.6650	3
158.6780	6
158.6910	4
158.7040	7
158.7170	4
158.7300	6
158.7430	4
158.7560	4
158.7690	4
158.7820	5
158.7950	8
158.8080	6
158.8210	7
158.8340	5
158.8470	4
158.8600	7
158.8730	2
158.8860	4
158.8990	2
158.9120	5
158.9250	6
158.9380	6
158.9510	5
158.9640	7
158.9770	4
158.9900	3
159.0030	7
159.0160	10
159.0290	4
159.0420	4
159.0550	5
159.0680	5
159.0810	2
159.0940	8
159.1070	3
159.1200	4
159.1330	6
159.1460	5
159.1590	9
159.1720	6
159.1850	4
159.1980	6
159.2110	7
159.2240	6
159.2370	3
159.2500	5
159.2630	6
159.2760	4
159.2890	5
159.3020	8
159.3150	7
159.3280	3
159.3410	6
159.3540	4
159.3670	6
159.3800	3
159.3930	3
159.4060	6
159.4190	10
159.4320	2
159.4450	5
159.4580	4
159.4710	8
159.4840	2
159.4970	6
159.5100	1
159.5230	2
159.5360	6
159.5490	7
159.5620	3
159.5750	2
159.5880	3
159.6010	5
159.6140	7
159.6270	8
159.6400	6
159.6530	1
159.6660	8
159.6790	10
159.6920	2
159.7050	5
159.7180	2
159.7310	4
159.7440	4
159.7570	3
159.7700	2
159.7830	6
159.7960	2
159.8090	3
159.8220	3
159.8350	5
159.8480	4
159.8610	5
159.8740	6
159.8870	4
159.9000	4
159.9130	4
159.9260	3
159.9390	6
159.9520	3
159.9650	4
159.9780	7
159.9910	3
160.0040	5
160.0170	6
160.0300	4
160.0430	5
160.0560	4
160.0690	7
160.0820	2
160.0950	4
160.1080	3
160.1210	4
160.1340	3
160.1470	5
160.1600	3
160.1730	1
160.1860	7
160.1990	4
160.2120	1
160.2250	5
160.2380	8
160.2510	3
160.2640	5
160.2770	4
160.2900	5
160.3030	6
160.3160	4
160.3290	6
160.3420	8
160.3550	4
160.3680	5
160.3810	5
160.3940	6
160.4070	11
160.4200	4
160.4330	5
160.4460	8
160.4590	9
160.4720	1
160.4850	5
160.4980	6
160.5110	4
160.5240	5
160.5370	4
160.5500	6
160.5630	6
160.5760	3
160.5890	4
160.6020	6
160.6150	3
160.6280	2
160.6410	2
160.6540	4
160.6670	4
160.6800	9
160.6930	5
160.7060	6
160.7190	9
160.7320	8
160.7450	6
160.7580	3
160.7710	2
160.7840	7
160.7970	5
160.8100	2
160.8230	9
160.8360	5
160.8490	5
160.8620	3
160.8750	8
160.8880	2
160.9010	7
160.9140	3
160.9270	3
160.9400	8
160.9530	7
160.9660	6
160.9790	3
160.9920	5
161.0050	6
161.0180	7
161.0310	3
161.0440	10
161.0570	6
161.0700	7
161.0830	3
161.0960	4
161.1090	5
161.1220	0
161.1350	5
161.1480	4
161.1610	4
161.1740	5
161.1870	7
161.2000	9
161.2130	2
161.2260	6
161.2390	5
161.2520	5
161.2650	4
161.2780	8
161.2910	7
161.3040	10
161.3170	2
161.3300	8
161.3430	3
161.3560	3
161.3690	7
161.3820	3
161.3950	3
161.4080	5
161.4210	5
161.4340	4
161.4470	2
161.4600	10
161.4730	7
161.4860	2
161.4990	2
161.5120	6
161.5250	3
161.5380	4
161.5510	3
161.5640	6
161.5770	7
161.5900	4
161.6030	6
161.6160	8
161.6290	5
161.6420	2
161.6550	4
161.6680	2
161.6810	6
161.6940	5
161.7070	5
161.7200	4
161.7330	2
161.7460	0
161.7590	6
161.7720	1
161.7850	5
161.7980	5
161.8110	6
161.8240	5
161.8370	9
161.8500	1
161.8630	2
161.8760	6
161.8890	3
161.9020	3
161.9150	4
161.9280	8
161.9410	4
161.9540	7
161.9670	3
161.9800	4
161.9930	9
162.0060	7
162.0190	4
162.0320	3
162.0450	0
162.0580	2
162.0710	8
162.0840	4
162.0970	4
162.1100	3
162.1230	4
162.1360	5
162.1490	7
162.1620	7
162.1750	7
162.1880	1
162.2010	9
162.2140	2
162.2270	6
162.2400	0
162.2530	7
162.2660	2
162.2790	4
162.2920	5
162.3050	2
162.3180	3
162.3310	4
162.3440	8
162.3570	3
162.3700	5
162.3830	14
162.3960	7
162.4090	5
162.4220	10
162.4350	5
162.4480	9
162.4610	3
162.4740	5
162.4870	6
162.5000	1
162.5130	5
162.5260	9
162.5390	4
162.5520	6
162.5650	3
162.5780	6
162.5910	2
162.6040	5
162.6170	3
162.6300	9
162.6430	2
162.6560	6
162.6690	1
162.6820	6
162.6950	3
162.7080	5
162.7210	8
162.7340	12
162.7470	6
162.7600	6
162.7730	4
162.7860	6
162.7990	7
162.8120	10
162.8250	4
162.8380	3
162.8510	4
162.8640	4
162.8770	5
162.8900	3
162.9030	5
162.9160	7
162.9290	6
162.9420	3
162.9550	6
162.9680	2
162.9810	1
162.9940	2
163.0070	1
163.0200	4
163.0330	2
163.0460	2
163.0590	5
163.0720	4
163.0850	3
163.0980	3
163.1110	5
163.1240	3
163.1370	7
163.1500	5
163.1630	7
163.1760	7
163.1890	5
163.2020	3
163.2150	4
163.2280	4
163.2410	3
163.2540	2
163.2670	4
163.2800	7
163.2930	6
163.3060	1
163.3190	4
163.3320	3
163.3450	4
163.3580	8
163.3710	4
163.3840	5
163.3970	3
163.4100	4
163.4230	1
163.4360	3
163.4490	3
163.4620	4
163.4750	3
163.4880	7
163.5010	5
163.5140	5
163.5270	4
163.5400	10
163.5530	9
163.5660	5
163.5790	7
163.5920	10
163.6050	2
163.6180	4
163.6310	3
163.6440	7
163.6570	8
163.6700	1
163.6830	5
163.6960	4
163.7090	3
163.7220	3
163.7350	4
163.7480	6
163.7610	5
163.7740	3
163.7870	4
163.8000	5
163.8130	3
163.8260	4
163.8390	10
163.8520	4
163.8650	3
163.8780	4
163.8910	6
163.9040	6
163.9170	5
163.9300	4
163.9430	4
163.9560	4
163.9690	6
163.9820	3
163.9950	5
164.0080	5
164.0210	7
164.0340	1
164.0470	9
164.0600	3
164.0730	9
164.0860	2
164.0990	3
164.1120	5
164.1250	4
164.1380	1
164.1510	4
164.1640	8
164.1770	5
164.1900	2
164.2030	9
164.2160	2
164.2290	4
164.2420	3
164.2550	5
164.2680	3
164.2810	5
164.2940	2
164.3070	4
164.3200	2
164.3330	3
164.3460	7
164.3590	4
164.3720	8
164.3850	4
164.3980	8
164.4110	4
164.4240	6
164.4370	3
164.4500	4
164.4630	11
164.4760	1
164.4890	5
164.5020	9
164.5150	4
164.5280	8
164.5410	4
164.5540	6
164.5670	5
164.5800	5
164.5930	7
164.6060	3
164.6190	5
164.6320	7
164.6450	6
164.6580	6
164.6710	5
164.6840	8
164.6970	5
164.7100	5
164.7230	6
164.7360	5
164.7490	7
164.7620	4
164.7750	4
164.7880	3
164.8010	6
164.8140	7
164.8270	3
164.8400	8
164.8530	5
164.8660	4
164.8790	7
164.8920	2
164.9050	5
164.9180	6
164.9310	3
164.9440	7
164.9570	4
164.9700	4
164.9830	5
164.9960	3
165.0090	6
165.0220	7
165.0350	8
165.0480	7
165.0610	3
165.0740	10
165.0870	7
165.1000	4
165.1130	4
165.1260	8
165.1390	10
165.1520	6
165.1650	5
165.1780	5
165.1910	4
165.2040	6
165.2170	5
165.2300	6
165.2430	4
165.2560	1
165.2690	4
165.2820	2
165.2950	7
165.3080	7
165.3210	8
165.3340	7
165.3470	5
165.3600	7
165.3730	2
165.3860	3
165.3990	4
165.4120	6
165.4250	7
165.4380	6
165.4510	3
165.4640	9
165.4770	10
165.4900	6
165.5030	8
165.5160	4
165.5290	9
165.5420	2
165.5550	6
165.5680	4
165.5810	8
165.5940	7
165.6070	3
165.6200	7
165.6330	4
165.6460	5
165.6590	4
165.6720	4
165.6850	3
165.6980	2
165.7110	4
165.7240	5
165.7370	3
165.7500	2
165.7630	0
165.7760	2
165.7890	6
165.8020	7
165.8150	4
165.8280	6
165.8410	2
165.8540	2
165.8670	3
165.8800	3
165.8930	12
165.9060	4
165.9190	1
165.9320	2
165.9450	3
165.9580	4
165.9710	2
165.9840	6
165.9970	5
166.0100	8
166.0230	5
166.0360	2
166.0490	5
166.0620	5
166.0750	4
166.0880	5
166.1010	9
166.1140	10
166.1270	5
166.1400	5
166.1530	6
166.1660	1
166.1790	12
166.1920	3
166.2050	6
166.2180	6
166.2310	4
166.2440	5
166.2570	8
166.2700	7
166.2830	5
166.2960	3
166.3090	7
166.3220	2
166.3350	4
166.3480	7
166.3610	2
166.3740	3
166.3870	6
166.4000	6
166.4130	5
166.4260	4
166.4390	6
166.4520	9
166.4650	5
166.4780	3
166.4910	2
166.5040	4
166.5170	6
166.5300	3
166.5430	6
166.5560	10
166.5690	6
166.5820	4
166.5950	2
166.6080	2
166.6210	4
166.6340	4
166.6470	1
166.6600	10
166.6730	2
166.6860	8
166.6990	10
166.7120	8
166.7250	6
166.7380	3
166.7510	6
166.7640	4
166.7770	6
166.7900	4
166.8030	3
166.8160	5
166.8290	7
166.8420	6
166.8550	5
166.8680	3
166.8810	5
166.8940	4
166.9070	7
166.9200	5
166.9330	5
166.9460	5
166.9590	9
166.9720	6
166.9850	3
166.9980	4
167.0110	4
167.0240	5
167.0370	2
167.0500	5
167.0630	5
167.0760	0
167.0890	7
167.1020	2
167.1150	5
167.1280	5
167.1410	7
167.1540	5
167.1670	3
167.1800	5
167.1930	5
167.2060	1
167.2190	6
167.2320	5
167.2450	3
167.2580	4
167.2710	6
167.2840	9
167.2970	4
167.3100	2
167.3230	6
167.3360	5
167.3490	4
167.3620	6
167.3750	3
167.3880	9
167.4010	5
167.4140	5
167.4270	3
167.4400	5
167.4530	5
167.4660	4
167.4790	5
167.4920	6
167.5050	9
167.5180	5
167.5310	4
167.5440	4
167.5570	6
167.5700	4
167.5830	6
167.5960	3
167.6090	3
167.6220	5
167.6350	5
167.6480	3
167.6610	8
167.6740	5
167.6870	1
167.7000	4
167.7130	9
167.7260	2
167.7390	3
167.7520	3
167.7650	7
167.7780	4
167.7910	7
167.8040	5
167.8170	5
167.8300	5
167.8430	5
167.8560	9
167.8690	5
167.8820	5
167.8950	6
167.9080	3
167.9210	2
167.9340	6
167.9470	7
167.9600	6
167.9730	6
167.9860	8
167.9990	3
168.0120	3
168.0250	0
168.0380	6
168.0510	1
168.0640	4
168.0770	6
168.0900	3
168.1030	8
168.1160	4
168.1290	0
168.1420	5
168.1550	6
168.1680	5
168.1810	6
168.1940	5
168.2070	2
168.2200	9
168.2330	7
168.2460	2
168.2590	5
168.2720	6
168.2850	1
168.2980	6
168.3110	7
168.3240	4
168.3370	6
168.3500	7
168.3630	2
168.3760	5
168.3890	7
168.4020	1
168.4150	3
168.4280	5
168.4410	1
168.4540	3
168.4670	4
168.4800	4
168.4930	7
168.5060	8
168.5190	3
168.5320	5
168.5450	8
168.5580	7
168.5710	8
168.5840	8
168.5970	3
168.6100	4
168.6230	5
168.6360	3
168.6490	5
168.6620	5
168.6750	3
168.6880	5
168.7010	6
168.7140	3
168.7270	3
168.7400	1
168.7530	8
168.7660	5
168.7790	8
168.7920	7
168.8050	9
168.8180	6
168.8310	4
168.8440	0
168.8570	6
168.8700	3
168.8830	4
168.8960	5
168.9090	4
168.9220	5
168.9350	2
168.9480	5
168.9610	4
168.9740	5
168.9870	8
169.0000	9
169.0130	3
169.0260	5
169.0390	1
169.0520	7
169.0650	7
169.0780	3
169.0910	3
169.1040	11
169.1170	7
169.1300	5
169.1430	5
169.1560	4
169.1690	1
169.1820	5
169.1950	4
169.2080	4
169.2210	3
169.2340	1
169.2470	6
169.2600	2
169.2730	2
169.2860	4
169.2990	9
169.3120	6
169.3250	2
169.3380	5
169.3510	1
169.3640	4
169.3770	4
169.3900	3
169.4030	7
169.4160	9
169.4290	8
169.4420	6
169.4550	1
169.4680	3
169.4810	4
169.4940	5
169.5070	8
169.5200	5
169.5330	3
169.5460	3
169.5590	7
169.5720	3
169.5850	8
169.5980	10
169.6110	6
169.6240	6
169.6370	3
169.6500	5
169.6630	6
169.6760	5
169.6890	2
169.7020	10
169.7150	6
169.7280	4
169.7410	2
169.7540	5
169.7670	5
169.7800	7
169.7930	1
169.8060	3
169.8190	5
169.8320	3
169.8450	4
169.8580	2
169.8710	4
169.8840	3
169.8970	4
169.9100	6
169.9230	2
169.9360	3
169.9490	10
169.9620	4
169.9750	3
169.9880	5
170.0010	3
170.0140	10
170.0270	3
170.0400	7
170.0530	7
170.0660	4
170.0790	11
170.0920	11
170.1050	4
170.1180	5
170.1310	6
170.1440	8
170.1570	4
170.1700	8
170.1830	4
170.1960	5
170.2090	7
170.2220	6
170.2350	2
170.2480	6
170.2610	5
170.2740	4
170.2870	2
170.3000	4
170.3130	2
170.3260	0
170.3390	2
170.3520	2
170.3650	0
170.3780	1
170.3910	1
170.4040	0
170.4170	1
170.4300	0
170.4430	3
170.4560	0
170.4690	2
170.4820	0
170.4950	2
170.5080	2
170.5210	3
170.5340	2
170.5470	3
170.5600	5
170.5730	3
170.5860	0
170.5990	2
170.6120	2
170.6250	5
170.6380	3
170.6510	3
170.6640	5
170.6770	3
170.6900	3
170.7030	6
170.7160	4
170.7290	3
170.7420	3
170.7550	4
170.7680	0
170.7810	2
170.7940	1
170.8070	1
170.8200	1
170.8330	1
