% ----------------------------- 
%       Aurea Technology      - 
%    ChronoXea - Histogram    - 
% ----------------------------- 
% Date          : 18/12/25
% Time          : 12:20:45
% Channel       : 197905
% Bin width     : 13 ps
%
% Histo data (in ns):
% x    y
122.2000	1
122.2130	0
122.2260	0
122.2390	1
122.2520	0
122.2650	1
122.2780	0
122.2910	2
122.3040	5
122.3170	0
122.3300	8
122.3430	3
122.3560	4
122.3690	3
122.3820	6
122.3950	6
122.4080	2
122.4210	10
122.4340	8
122.4470	8
122.4600	7
122.4730	10
122.4860	7
122.4990	7
122.5120	6
122.5250	4
122.5380	6
122.5510	5
122.5640	3
122.5770	6
122.5900	2
122.6030	6
122.6160	6
122.6290	3
122.6420	8
122.6550	2
122.6680	6
122.6810	5
122.6940	2
122.7070	4
122.7200	5
122.7330	2
122.7460	4
122.7590	7
122.7720	3
122.7850	4
122.7980	6
122.8110	2
122.8240	5
122.8370	5
122.8500	5
122.8630	5
122.8760	3
122.8890	5
122.9020	2
122.9150	2
122.9280	6
122.9410	5
122.9540	6
122.9670	3
122.9800	6
122.9930	1
123.0060	7
123.0190	5
123.0320	3
123.0450	4
123.0580	5
123.0710	6
123.0840	6
123.0970	3
123.1100	4
123.1230	4
123.1360	5
123.1490	4
123.1620	2
123.1750	6
123.1880	7
123.2010	5
123.2140	9
123.2270	5
123.2400	4
123.2530	6
123.2660	1
123.2790	4
123.2920	2
123.3050	5
123.3180	4
123.3310	1
123.3440	5
123.3570	4
123.3700	6
123.3830	4
123.3960	11
123.4090	1
123.4220	5
123.4350	2
123.4480	5
123.4610	3
123.4740	5
123.4870	11
123.5000	7
123.5130	3
123.5260	4
123.5390	4
123.5520	2
123.5650	5
123.5780	8
123.5910	3
123.6040	6
123.6170	8
123.6300	5
123.6430	6
123.6560	4
123.6690	5
123.6820	1
123.6950	4
123.7080	4
123.7210	3
123.7340	6
123.7470	4
123.7600	6
123.7730	5
123.7860	3
123.7990	5
123.8120	8
123.8250	5
123.8380	5
123.8510	3
123.8640	5
123.8770	8
123.8900	4
123.9030	4
123.9160	3
123.9290	2
123.9420	7
123.9550	6
123.9680	7
123.9810	4
123.9940	2
124.0070	5
124.0200	7
124.0330	4
124.0460	4
124.0590	5
124.0720	5
124.0850	5
124.0980	9
124.1110	6
124.1240	2
124.1370	5
124.1500	4
124.1630	4
124.1760	3
124.1890	2
124.2020	5
124.2150	10
124.2280	7
124.2410	7
124.2540	8
124.2670	3
124.2800	3
124.2930	4
124.3060	7
124.3190	7
124.3320	4
124.3450	7
124.3580	1
124.3710	8
124.3840	7
124.3970	1
124.4100	4
124.4230	4
124.4360	8
124.4490	6
124.4620	4
124.4750	5
124.4880	6
124.5010	5
124.5140	3
124.5270	10
124.5400	6
124.5530	3
124.5660	8
124.5790	3
124.5920	6
124.6050	4
124.6180	5
124.6310	5
124.6440	6
124.6570	5
124.6700	4
124.6830	4
124.6960	4
124.7090	5
124.7220	5
124.7350	0
124.7480	5
124.7610	5
124.7740	4
124.7870	7
124.8000	9
124.8130	2
124.8260	6
124.8390	6
124.8520	4
124.8650	8
124.8780	2
124.8910	3
124.9040	8
124.9170	5
124.9300	4
124.9430	4
124.9560	2
124.9690	8
124.9820	1
124.9950	5
125.0080	8
125.0210	3
125.0340	5
125.0470	5
125.0600	5
125.0730	3
125.0860	7
125.0990	7
125.1120	5
125.1250	4
125.1380	6
125.1510	5
125.1640	4
125.1770	2
125.1900	4
125.2030	6
125.2160	8
125.2290	7
125.2420	1
125.2550	2
125.2680	5
125.2810	6
125.2940	6
125.3070	4
125.3200	7
125.3330	1
125.3460	4
125.3590	8
125.3720	5
125.3850	3
125.3980	6
125.4110	3
125.4240	5
125.4370	6
125.4500	3
125.4630	4
125.4760	5
125.4890	7
125.5020	1
125.5150	1
125.5280	5
125.5410	5
125.5540	3
125.5670	7
125.5800	6
125.5930	8
125.6060	6
125.6190	5
125.6320	4
125.6450	10
125.6580	4
125.6710	5
125.6840	6
125.6970	5
125.7100	5
125.7230	7
125.7360	2
125.7490	7
125.7620	6
125.7750	1
125.7880	9
125.8010	7
125.8140	5
125.8270	3
125.8400	6
125.8530	2
125.8660	3
125.8790	5
125.8920	4
125.9050	7
125.9180	3
125.9310	8
125.9440	6
125.9570	9
125.9700	0
125.9830	2
125.9960	3
126.0090	2
126.0220	5
126.0350	8
126.0480	3
126.0610	5
126.0740	8
126.0870	4
126.1000	5
126.1130	4
126.1260	5
126.1390	3
126.1520	5
126.1650	4
126.1780	8
126.1910	5
126.2040	6
126.2170	8
126.2300	5
126.2430	4
126.2560	6
126.2690	2
126.2820	7
126.2950	5
126.3080	4
126.3210	4
126.3340	6
126.3470	6
126.3600	9
126.3730	4
126.3860	1
126.3990	6
126.4120	5
126.4250	9
126.4380	8
126.4510	9
126.4640	5
126.4770	4
126.4900	3
126.5030	6
126.5160	4
126.5290	6
126.5420	4
126.5550	3
126.5680	5
126.5810	6
126.5940	8
126.6070	8
126.6200	7
126.6330	5
126.6460	7
126.6590	5
126.6720	6
126.6850	3
126.6980	3
126.7110	5
126.7240	8
126.7370	5
126.7500	2
126.7630	8
126.7760	5
126.7890	3
126.8020	4
126.8150	5
126.8280	4
126.8410	6
126.8540	6
126.8670	6
126.8800	6
126.8930	6
126.9060	2
126.9190	6
126.9320	7
126.9450	7
126.9580	5
126.9710	3
126.9840	6
126.9970	4
127.0100	9
127.0230	2
127.0360	1
127.0490	6
127.0620	5
127.0750	5
127.0880	3
127.1010	7
127.1140	8
127.1270	3
127.1400	4
127.1530	3
127.1660	5
127.1790	5
127.1920	5
127.2050	5
127.2180	4
127.2310	6
127.2440	6
127.2570	2
127.2700	6
127.2830	2
127.2960	4
127.3090	5
127.3220	4
127.3350	4
127.3480	6
127.3610	5
127.3740	7
127.3870	8
127.4000	7
127.4130	8
127.4260	5
127.4390	8
127.4520	5
127.4650	7
127.4780	8
127.4910	7
127.5040	3
127.5170	5
127.5300	10
127.5430	7
127.5560	5
127.5690	3
127.5820	3
127.5950	3
127.6080	4
127.6210	7
127.6340	8
127.6470	3
127.6600	5
127.6730	4
127.6860	5
127.6990	4
127.7120	6
127.7250	5
127.7380	6
127.7510	5
127.7640	7
127.7770	4
127.7900	3
127.8030	5
127.8160	3
127.8290	4
127.8420	7
127.8550	6
127.8680	3
127.8810	8
127.8940	3
127.9070	7
127.9200	6
127.9330	3
127.9460	5
127.9590	8
127.9720	5
127.9850	4
127.9980	3
128.0110	6
128.0240	8
128.0370	5
128.0500	2
128.0630	3
128.0760	4
128.0890	4
128.1020	4
128.1150	3
128.1280	8
128.1410	5
128.1540	2
128.1670	4
128.1800	8
128.1930	2
128.2060	2
128.2190	9
128.2320	3
128.2450	3
128.2580	9
128.2710	7
128.2840	11
128.2970	7
128.3100	4
128.3230	10
128.3360	2
128.3490	5
128.3620	11
128.3750	6
128.3880	10
128.4010	4
128.4140	4
128.4270	2
128.4400	6
128.4530	7
128.4660	9
128.4790	5
128.4920	8
128.5050	9
128.5180	8
128.5310	4
128.5440	7
128.5570	6
128.5700	7
128.5830	3
128.5960	9
128.6090	9
128.6220	9
128.6350	9
128.6480	3
128.6610	7
128.6740	7
128.6870	4
128.7000	9
128.7130	4
128.7260	10
128.7390	5
128.7520	7
128.7650	6
128.7780	7
128.7910	6
128.8040	6
128.8170	4
128.8300	7
128.8430	4
128.8560	3
128.8690	4
128.8820	2
128.8950	6
128.9080	9
128.9210	7
128.9340	8
128.9470	3
128.9600	9
128.9730	6
128.9860	6
128.9990	4
129.0120	11
129.0250	3
129.0380	7
129.0510	15
129.0640	4
129.0770	8
129.0900	6
129.1030	6
129.1160	11
129.1290	6
129.1420	10
129.1550	7
129.1680	8
129.1810	7
129.1940	6
129.2070	5
129.2200	10
129.2330	10
129.2460	10
129.2590	13
129.2720	9
129.2850	11
129.2980	5
129.3110	8
129.3240	6
129.3370	11
129.3500	6
129.3630	6
129.3760	6
129.3890	9
129.4020	9
129.4150	12
129.4280	15
129.4410	8
129.4540	12
129.4670	6
129.4800	4
129.4930	10
129.5060	9
129.5190	12
129.5320	14
129.5450	7
129.5580	13
129.5710	11
129.5840	15
129.5970	6
129.6100	7
129.6230	7
129.6360	9
129.6490	12
129.6620	8
129.6750	10
129.6880	8
129.7010	16
129.7140	12
129.7270	8
129.7400	15
129.7530	5
129.7660	6
129.7790	11
129.7920	10
129.8050	9
129.8180	9
129.8310	8
129.8440	7
129.8570	6
129.8700	7
129.8830	6
129.8960	9
129.9090	10
129.9220	10
129.9350	8
129.9480	5
129.9610	7
129.9740	8
129.9870	11
130.0000	6
130.0130	7
130.0260	9
130.0390	2
130.0520	10
130.0650	9
130.0780	11
130.0910	9
130.1040	14
130.1170	15
130.1300	14
130.1430	12
130.1560	8
130.1690	6
130.1820	4
130.1950	3
130.2080	8
130.2210	11
130.2340	12
130.2470	8
130.2600	4
130.2730	9
130.2860	10
130.2990	14
130.3120	10
130.3250	6
130.3380	13
130.3510	10
130.3640	8
130.3770	8
130.3900	9
130.4030	20
130.4160	11
130.4290	8
130.4420	9
130.4550	8
130.4680	10
130.4810	9
130.4940	10
130.5070	9
130.5200	12
130.5330	7
130.5460	9
130.5590	16
130.5720	7
130.5850	6
130.5980	8
130.6110	8
130.6240	11
130.6370	11
130.6500	8
130.6630	7
130.6760	11
130.6890	13
130.7020	8
130.7150	8
130.7280	12
130.7410	6
130.7540	10
130.7670	8
130.7800	8
130.7930	7
130.8060	13
130.8190	12
130.8320	11
130.8450	6
130.8580	3
130.8710	10
130.8840	10
130.8970	7
130.9100	7
130.9230	3
130.9360	11
130.9490	6
130.9620	12
130.9750	8
130.9880	6
131.0010	9
131.0140	5
131.0270	5
131.0400	13
131.0530	10
131.0660	13
131.0790	11
131.0920	8
131.1050	9
131.1180	9
131.1310	3
131.1440	10
131.1570	9
131.1700	11
131.1830	12
131.1960	6
131.2090	11
131.2220	9
131.2350	3
131.2480	9
131.2610	10
131.2740	8
131.2870	6
131.3000	10
131.3130	10
131.3260	10
131.3390	12
131.3520	13
131.3650	11
131.3780	9
131.3910	16
131.4040	13
131.4170	8
131.4300	6
131.4430	7
131.4560	10
131.4690	10
131.4820	6
131.4950	7
131.5080	11
131.5210	11
131.5340	17
131.5470	10
131.5600	9
131.5730	13
131.5860	10
131.5990	8
131.6120	9
131.6250	8
131.6380	7
131.6510	6
131.6640	6
131.6770	14
131.6900	8
131.7030	15
131.7160	8
131.7290	11
131.7420	12
131.7550	17
131.7680	9
131.7810	13
131.7940	13
131.8070	10
131.8200	11
131.8330	11
131.8460	14
131.8590	17
131.8720	15
131.8850	11
131.8980	16
131.9110	5
131.9240	12
131.9370	10
131.9500	15
131.9630	15
131.9760	17
131.9890	8
132.0020	14
132.0150	13
132.0280	13
132.0410	18
132.0540	11
132.0670	13
132.0800	9
132.0930	8
132.1060	13
132.1190	17
132.1320	15
132.1450	14
132.1580	15
132.1710	17
132.1840	10
132.1970	12
132.2100	12
132.2230	7
132.2360	14
132.2490	17
132.2620	18
132.2750	13
132.2880	14
132.3010	15
132.3140	18
132.3270	17
132.3400	8
132.3530	12
132.3660	17
132.3790	14
132.3920	13
132.4050	15
132.4180	11
132.4310	12
132.4440	15
132.4570	16
132.4700	15
132.4830	8
132.4960	11
132.5090	17
132.5220	17
132.5350	14
132.5480	12
132.5610	14
132.5740	19
132.5870	12
132.6000	11
132.6130	20
132.6260	11
132.6390	19
132.6520	13
132.6650	14
132.6780	18
132.6910	11
132.7040	10
132.7170	14
132.7300	13
132.7430	19
132.7560	14
132.7690	18
132.7820	28
132.7950	11
132.8080	15
132.8210	9
132.8340	13
132.8470	9
132.8600	16
132.8730	19
132.8860	19
132.8990	11
132.9120	15
132.9250	13
132.9380	12
132.9510	10
132.9640	14
132.9770	23
132.9900	14
133.0030	14
133.0160	18
133.0290	22
133.0420	7
133.0550	10
133.0680	13
133.0810	17
133.0940	11
133.1070	14
133.1200	15
133.1330	10
133.1460	11
133.1590	15
133.1720	16
133.1850	14
133.1980	9
133.2110	19
133.2240	13
133.2370	18
133.2500	15
133.2630	21
133.2760	19
133.2890	11
133.3020	9
133.3150	17
133.3280	12
133.3410	17
133.3540	11
133.3670	18
133.3800	15
133.3930	13
133.4060	11
133.4190	20
133.4320	12
133.4450	14
133.4580	13
133.4710	9
133.4840	15
133.4970	14
133.5100	15
133.5230	15
133.5360	18
133.5490	20
133.5620	17
133.5750	13
133.5880	15
133.6010	21
133.6140	14
133.6270	16
133.6400	11
133.6530	17
133.6660	9
133.6790	15
133.6920	10
133.7050	18
133.7180	13
133.7310	8
133.7440	16
133.7570	16
133.7700	12
133.7830	13
133.7960	13
133.8090	20
133.8220	12
133.8350	9
133.8480	9
133.8610	12
133.8740	15
133.8870	9
133.9000	8
133.9130	17
133.9260	10
133.9390	22
133.9520	15
133.9650	12
133.9780	7
133.9910	9
134.0040	11
134.0170	12
134.0300	13
134.0430	17
134.0560	5
134.0690	12
134.0820	11
134.0950	11
134.1080	10
134.1210	13
134.1340	5
134.1470	15
134.1600	7
134.1730	12
134.1860	12
134.1990	15
134.2120	18
134.2250	12
134.2380	12
134.2510	13
134.2640	7
134.2770	13
134.2900	16
134.3030	16
134.3160	12
134.3290	11
134.3420	7
134.3550	11
134.3680	13
134.3810	13
134.3940	11
134.4070	14
134.4200	11
134.4330	13
134.4460	9
134.4590	7
134.4720	14
134.4850	11
134.4980	16
134.5110	13
134.5240	14
134.5370	15
134.5500	11
134.5630	14
134.5760	11
134.5890	15
134.6020	12
134.6150	15
134.6280	6
134.6410	20
134.6540	16
134.6670	13
134.6800	23
134.6930	19
134.7060	10
134.7190	10
134.7320	11
134.7450	16
134.7580	14
134.7710	16
134.7840	16
134.7970	8
134.8100	15
134.8230	19
134.8360	23
134.8490	10
134.8620	14
134.8750	21
134.8880	27
134.9010	18
134.9140	17
134.9270	11
134.9400	15
134.9530	11
134.9660	19
134.9790	17
134.9920	24
135.0050	17
135.0180	17
135.0310	26
135.0440	17
135.0570	9
135.0700	19
135.0830	22
135.0960	21
135.1090	10
135.1220	21
135.1350	19
135.1480	17
135.1610	18
135.1740	19
135.1870	17
135.2000	17
135.2130	29
135.2260	13
135.2390	22
135.2520	22
135.2650	23
135.2780	23
135.2910	26
135.3040	14
135.3170	18
135.3300	23
135.3430	21
135.3560	31
135.3690	22
135.3820	20
135.3950	23
135.4080	21
135.4210	12
135.4340	25
135.4470	22
135.4600	8
135.4730	16
135.4860	20
135.4990	23
135.5120	25
135.5250	26
135.5380	33
135.5510	19
135.5640	27
135.5770	22
135.5900	19
135.6030	28
135.6160	25
135.6290	16
135.6420	20
135.6550	21
135.6680	29
135.6810	29
135.6940	22
135.7070	27
135.7200	20
135.7330	36
135.7460	24
135.7590	25
135.7720	27
135.7850	37
135.7980	22
135.8110	35
135.8240	27
135.8370	28
135.8500	24
135.8630	22
135.8760	24
135.8890	23
135.9020	27
135.9150	20
135.9280	24
135.9410	32
135.9540	20
135.9670	23
135.9800	25
135.9930	24
136.0060	23
136.0190	24
136.0320	33
136.0450	31
136.0580	29
136.0710	27
136.0840	24
136.0970	28
136.1100	22
136.1230	18
136.1360	32
136.1490	34
136.1620	24
136.1750	32
136.1880	26
136.2010	28
136.2140	24
136.2270	27
136.2400	31
136.2530	27
136.2660	40
136.2790	29
136.2920	25
136.3050	28
136.3180	29
136.3310	16
136.3440	32
136.3570	29
136.3700	27
136.3830	26
136.3960	23
136.4090	29
136.4220	21
136.4350	22
136.4480	25
136.4610	22
136.4740	25
136.4870	22
136.5000	17
136.5130	22
136.5260	24
136.5390	20
136.5520	25
136.5650	32
136.5780	20
136.5910	19
136.6040	24
136.6170	19
136.6300	15
136.6430	21
136.6560	23
136.6690	25
136.6820	24
136.6950	22
136.7080	21
136.7210	15
136.7340	21
136.7470	22
136.7600	21
136.7730	21
136.7860	22
136.7990	21
136.8120	11
136.8250	20
136.8380	16
136.8510	13
136.8640	18
136.8770	20
136.8900	24
136.9030	16
136.9160	10
136.9290	18
136.9420	29
136.9550	24
136.9680	25
136.9810	18
136.9940	14
137.0070	19
137.0200	12
137.0330	22
137.0460	12
137.0590	14
137.0720	18
137.0850	21
137.0980	8
137.1110	13
137.1240	14
137.1370	13
137.1500	12
137.1630	15
137.1760	12
137.1890	17
137.2020	13
137.2150	21
137.2280	12
137.2410	12
137.2540	10
137.2670	14
137.2800	14
137.2930	9
137.3060	9
137.3190	5
137.3320	4
137.3450	15
137.3580	13
137.3710	8
137.3840	12
137.3970	6
137.4100	8
137.4230	10
137.4360	8
137.4490	5
137.4620	9
137.4750	14
137.4880	11
137.5010	13
137.5140	6
137.5270	8
137.5400	9
137.5530	11
137.5660	4
137.5790	14
137.5920	9
137.6050	5
137.6180	10
137.6310	5
137.6440	6
137.6570	4
137.6700	8
137.6830	7
137.6960	11
137.7090	7
137.7220	1
137.7350	9
137.7480	8
137.7610	6
137.7740	9
137.7870	10
137.8000	2
137.8130	7
137.8260	4
137.8390	5
137.8520	12
137.8650	4
137.8780	7
137.8910	6
137.9040	8
137.9170	9
137.9300	9
137.9430	4
137.9560	8
137.9690	5
137.9820	7
137.9950	15
138.0080	11
138.0210	8
138.0340	7
138.0470	3
138.0600	5
138.0730	12
138.0860	10
138.0990	12
138.1120	16
138.1250	11
138.1380	10
138.1510	11
138.1640	8
138.1770	5
138.1900	11
138.2030	13
138.2160	8
138.2290	15
138.2420	9
138.2550	15
138.2680	23
138.2810	16
138.2940	15
138.3070	12
138.3200	18
138.3330	11
138.3460	20
138.3590	22
138.3720	14
138.3850	19
138.3980	24
138.4110	22
138.4240	18
138.4370	20
138.4500	11
138.4630	24
138.4760	23
138.4890	26
138.5020	20
138.5150	13
138.5280	22
138.5410	25
138.5540	31
138.5670	34
138.5800	25
138.5930	22
138.6060	31
138.6190	26
138.6320	27
138.6450	27
138.6580	23
138.6710	23
138.6840	29
138.6970	27
138.7100	40
138.7230	34
138.7360	29
138.7490	29
138.7620	45
138.7750	49
138.7880	36
138.8010	39
138.8140	34
138.8270	20
138.8400	41
138.8530	37
138.8660	37
138.8790	41
138.8920	34
138.9050	41
138.9180	31
138.9310	37
138.9440	39
138.9570	41
138.9700	45
138.9830	49
138.9960	52
139.0090	39
139.0220	45
139.0350	38
139.0480	59
139.0610	41
139.0740	47
139.0870	64
139.1000	51
139.1130	53
139.1260	63
139.1390	74
139.1520	52
139.1650	59
139.1780	65
139.1910	60
139.2040	56
139.2170	62
139.2300	65
139.2430	56
139.2560	68
139.2690	70
139.2820	60
139.2950	65
139.3080	75
139.3210	75
139.3340	58
139.3470	79
139.3600	60
139.3730	72
139.3860	69
139.3990	65
139.4120	61
139.4250	81
139.4380	83
139.4510	76
139.4640	81
139.4770	63
139.4900	72
139.5030	82
139.5160	82
139.5290	88
139.5420	81
139.5550	86
139.5680	80
139.5810	82
139.5940	84
139.6070	81
139.6200	93
139.6330	78
139.6460	101
139.6590	67
139.6720	96
139.6850	87
139.6980	78
139.7110	83
139.7240	93
139.7370	84
139.7500	101
139.7630	103
139.7760	110
139.7890	89
139.8020	89
139.8150	99
139.8280	90
139.8410	82
139.8540	84
139.8670	92
139.8800	80
139.8930	93
139.9060	96
139.9190	99
139.9320	104
139.9450	101
139.9580	100
139.9710	107
139.9840	113
139.9970	93
140.0100	99
140.0230	95
140.0360	113
140.0490	96
140.0620	105
140.0750	106
140.0880	110
140.1010	122
140.1140	121
140.1270	106
140.1400	101
140.1530	112
140.1660	104
140.1790	127
140.1920	107
140.2050	113
140.2180	92
140.2310	87
140.2440	120
140.2570	109
140.2700	133
140.2830	107
140.2960	112
140.3090	110
140.3220	113
140.3350	138
140.3480	122
140.3610	115
140.3740	116
140.3870	122
140.4000	100
140.4130	122
140.4260	120
140.4390	117
140.4520	122
140.4650	105
140.4780	123
140.4910	120
140.5040	95
140.5170	107
140.5300	107
140.5430	109
140.5560	118
140.5690	112
140.5820	140
140.5950	99
140.6080	110
140.6210	114
140.6340	113
140.6470	125
140.6600	134
140.6730	108
140.6860	103
140.6990	114
140.7120	100
140.7250	115
140.7380	122
140.7510	116
140.7640	103
140.7770	107
140.7900	119
140.8030	123
140.8160	118
140.8290	107
140.8420	110
140.8550	104
140.8680	112
140.8810	115
140.8940	125
140.9070	101
140.9200	110
140.9330	116
140.9460	87
140.9590	118
140.9720	110
140.9850	99
140.9980	102
141.0110	115
141.0240	121
141.0370	115
141.0500	106
141.0630	106
141.0760	106
141.0890	104
141.1020	117
141.1150	112
141.1280	101
141.1410	107
141.1540	93
141.1670	113
141.1800	126
141.1930	100
141.2060	111
141.2190	96
141.2320	110
141.2450	132
141.2580	98
141.2710	95
141.2840	104
141.2970	105
141.3100	113
141.3230	100
141.3360	98
141.3490	111
141.3620	129
141.3750	100
141.3880	108
141.4010	95
141.4140	99
141.4270	101
141.4400	86
141.4530	105
141.4660	96
141.4790	109
141.4920	109
141.5050	107
141.5180	88
141.5310	105
141.5440	88
141.5570	105
141.5700	106
141.5830	99
141.5960	74
141.6090	91
141.6220	93
141.6350	103
141.6480	115
141.6610	95
141.6740	102
141.6870	87
141.7000	115
141.7130	86
141.7260	75
141.7390	84
141.7520	93
141.7650	101
141.7780	77
141.7910	86
141.8040	100
141.8170	89
141.8300	66
141.8430	90
141.8560	93
141.8690	83
141.8820	102
141.8950	86
141.9080	91
141.9210	100
141.9340	92
141.9470	70
141.9600	80
141.9730	83
141.9860	73
141.9990	83
142.0120	72
142.0250	57
142.0380	70
142.0510	71
142.0640	94
142.0770	89
142.0900	79
142.1030	92
142.1160	67
142.1290	90
142.1420	76
142.1550	78
142.1680	74
142.1810	85
142.1940	61
142.2070	83
142.2200	81
142.2330	83
142.2460	88
142.2590	75
142.2720	71
142.2850	67
142.2980	78
142.3110	73
142.3240	86
142.3370	73
142.3500	89
142.3630	69
142.3760	71
142.3890	66
142.4020	75
142.4150	69
142.4280	74
142.4410	64
142.4540	66
142.4670	60
142.4800	82
142.4930	62
142.5060	55
142.5190	72
142.5320	81
142.5450	72
142.5580	58
142.5710	52
142.5840	69
142.5970	61
142.6100	70
142.6230	72
142.6360	67
142.6490	78
142.6620	68
142.6750	71
142.6880	61
142.7010	63
142.7140	46
142.7270	63
142.7400	54
142.7530	55
142.7660	55
142.7790	56
142.7920	63
142.8050	51
142.8180	63
142.8310	56
142.8440	52
142.8570	58
142.8700	46
142.8830	67
142.8960	41
142.9090	51
142.9220	55
142.9350	48
142.9480	48
142.9610	54
142.9740	52
142.9870	58
143.0000	44
143.0130	62
143.0260	53
143.0390	46
143.0520	42
143.0650	41
143.0780	49
143.0910	37
143.1040	49
143.1170	45
143.1300	41
143.1430	36
143.1560	34
143.1690	38
143.1820	38
143.1950	41
143.2080	32
143.2210	42
143.2340	36
143.2470	40
143.2600	34
143.2730	43
143.2860	45
143.2990	37
143.3120	25
143.3250	29
143.3380	35
143.3510	46
143.3640	35
143.3770	41
143.3900	29
143.4030	33
143.4160	42
143.4290	31
143.4420	32
143.4550	28
143.4680	35
143.4810	29
143.4940	24
143.5070	34
143.5200	34
143.5330	22
143.5460	24
143.5590	23
143.5720	33
143.5850	27
143.5980	19
143.6110	17
143.6240	35
143.6370	18
143.6500	29
143.6630	32
143.6760	19
143.6890	20
143.7020	18
143.7150	30
143.7280	27
143.7410	16
143.7540	18
143.7670	21
143.7800	19
143.7930	22
143.8060	17
143.8190	29
143.8320	20
143.8450	12
143.8580	18
143.8710	18
143.8840	12
143.8970	23
143.9100	13
143.9230	16
143.9360	14
143.9490	18
143.9620	25
143.9750	25
143.9880	21
144.0010	14
144.0140	15
144.0270	17
144.0400	14
144.0530	12
144.0660	14
144.0790	6
144.0920	17
144.1050	12
144.1180	20
144.1310	9
144.1440	12
144.1570	14
144.1700	11
144.1830	12
144.1960	19
144.2090	6
144.2220	16
144.2350	15
144.2480	10
144.2610	13
144.2740	9
144.2870	17
144.3000	12
144.3130	10
144.3260	15
144.3390	7
144.3520	21
144.3650	11
144.3780	10
144.3910	6
144.4040	11
144.4170	12
144.4300	8
144.4430	7
144.4560	11
144.4690	9
144.4820	5
144.4950	5
144.5080	9
144.5210	6
144.5340	5
144.5470	11
144.5600	5
144.5730	5
144.5860	6
144.5990	10
144.6120	3
144.6250	4
144.6380	2
144.6510	9
144.6640	6
144.6770	5
144.6900	4
144.7030	4
144.7160	4
144.7290	8
144.7420	12
144.7550	4
144.7680	4
144.7810	4
144.7940	7
144.8070	9
144.8200	6
144.8330	9
144.8460	2
144.8590	6
144.8720	6
144.8850	7
144.8980	5
144.9110	7
144.9240	4
144.9370	4
144.9500	4
144.9630	5
144.9760	5
144.9890	7
145.0020	7
145.0150	2
145.0280	7
145.0410	4
145.0540	5
145.0670	9
145.0800	5
145.0930	6
145.1060	3
145.1190	4
145.1320	8
145.1450	10
145.1580	6
145.1710	6
145.1840	5
145.1970	6
145.2100	5
145.2230	9
145.2360	4
145.2490	3
145.2620	7
145.2750	6
145.2880	4
145.3010	7
145.3140	4
145.3270	9
145.3400	3
145.3530	5
145.3660	3
145.3790	7
145.3920	4
145.4050	5
145.4180	9
145.4310	10
145.4440	5
145.4570	8
145.4700	8
145.4830	7
145.4960	6
145.5090	9
145.5220	9
145.5350	11
145.5480	4
145.5610	8
145.5740	7
145.5870	4
145.6000	8
145.6130	8
145.6260	12
145.6390	8
145.6520	8
145.6650	6
145.6780	6
145.6910	8
145.7040	9
145.7170	4
145.7300	12
145.7430	4
145.7560	9
145.7690	7
145.7820	11
145.7950	9
145.8080	9
145.8210	7
145.8340	4
145.8470	8
145.8600	12
145.8730	8
145.8860	8
145.8990	11
145.9120	9
145.9250	13
145.9380	11
145.9510	10
145.9640	13
145.9770	6
145.9900	20
146.0030	10
146.0160	10
146.0290	10
146.0420	15
146.0550	8
146.0680	15
146.0810	7
146.0940	13
146.1070	13
146.1200	17
146.1330	7
146.1460	6
146.1590	9
146.1720	8
146.1850	13
146.1980	14
146.2110	10
146.2240	11
146.2370	14
146.2500	14
146.2630	4
146.2760	11
146.2890	12
146.3020	8
146.3150	10
146.3280	8
146.3410	11
146.3540	7
146.3670	12
146.3800	14
146.3930	6
146.4060	13
146.4190	12
146.4320	13
146.4450	11
146.4580	6
146.4710	6
146.4840	10
146.4970	10
146.5100	10
146.5230	15
146.5360	17
146.5490	10
146.5620	13
146.5750	9
146.5880	10
146.6010	9
146.6140	10
146.6270	11
146.6400	5
146.6530	13
146.6660	7
146.6790	10
146.6920	9
146.7050	10
146.7180	11
146.7310	7
146.7440	11
146.7570	13
146.7700	15
146.7830	6
146.7960	12
146.8090	7
146.8220	8
146.8350	10
146.8480	5
146.8610	8
146.8740	9
146.8870	12
146.9000	12
146.9130	13
146.9260	14
146.9390	6
146.9520	14
146.9650	9
146.9780	3
146.9910	6
147.0040	7
147.0170	13
147.0300	13
147.0430	10
147.0560	8
147.0690	11
147.0820	4
147.0950	10
147.1080	14
147.1210	10
147.1340	14
147.1470	9
147.1600	10
147.1730	13
147.1860	13
147.1990	13
147.2120	10
147.2250	8
147.2380	11
147.2510	4
147.2640	6
147.2770	8
147.2900	5
147.3030	9
147.3160	10
147.3290	12
147.3420	9
147.3550	7
147.3680	12
147.3810	4
147.3940	7
147.4070	6
147.4200	9
147.4330	6
147.4460	7
147.4590	8
147.4720	3
147.4850	5
147.4980	9
147.5110	11
147.5240	12
147.5370	7
147.5500	8
147.5630	9
147.5760	12
147.5890	8
147.6020	6
147.6150	7
147.6280	8
147.6410	5
147.6540	5
147.6670	5
147.6800	5
147.6930	8
147.7060	12
147.7190	10
147.7320	5
147.7450	6
147.7580	6
147.7710	7
147.7840	9
147.7970	7
147.8100	6
147.8230	3
147.8360	5
147.8490	6
147.8620	3
147.8750	11
147.8880	4
147.9010	6
147.9140	3
147.9270	7
147.9400	9
147.9530	6
147.9660	6
147.9790	7
147.9920	8
148.0050	8
148.0180	5
148.0310	8
148.0440	6
148.0570	5
148.0700	5
148.0830	4
148.0960	6
148.1090	3
148.1220	6
148.1350	6
148.1480	9
148.1610	7
148.1740	3
148.1870	8
148.2000	11
148.2130	10
148.2260	7
148.2390	8
148.2520	4
148.2650	8
148.2780	6
148.2910	4
148.3040	5
148.3170	1
148.3300	3
148.3430	8
148.3560	5
148.3690	5
148.3820	4
148.3950	11
148.4080	4
148.4210	5
148.4340	7
148.4470	5
148.4600	6
148.4730	8
148.4860	3
148.4990	6
148.5120	6
148.5250	8
148.5380	8
148.5510	3
148.5640	8
148.5770	9
148.5900	4
148.6030	4
148.6160	5
148.6290	7
148.6420	5
148.6550	16
148.6680	8
148.6810	6
148.6940	7
148.7070	9
148.7200	2
148.7330	8
148.7460	4
148.7590	7
148.7720	6
148.7850	6
148.7980	4
148.8110	7
148.8240	5
148.8370	16
148.8500	4
148.8630	9
148.8760	12
148.8890	3
148.9020	3
148.9150	5
148.9280	6
148.9410	4
148.9540	6
148.9670	6
148.9800	7
148.9930	9
149.0060	7
149.0190	8
149.0320	13
149.0450	15
149.0580	10
149.0710	5
149.0840	6
149.0970	11
149.1100	9
149.1230	5
149.1360	7
149.1490	5
149.1620	5
149.1750	7
149.1880	11
149.2010	2
149.2140	6
149.2270	11
149.2400	5
149.2530	6
149.2660	6
149.2790	6
149.2920	8
149.3050	12
149.3180	11
149.3310	3
149.3440	8
149.3570	10
149.3700	5
149.3830	8
149.3960	4
149.4090	9
149.4220	10
149.4350	3
149.4480	3
149.4610	12
149.4740	8
149.4870	10
149.5000	7
149.5130	8
149.5260	5
149.5390	7
149.5520	9
149.5650	6
149.5780	6
149.5910	5
149.6040	10
149.6170	3
149.6300	12
149.6430	11
149.6560	5
149.6690	11
149.6820	10
149.6950	6
149.7080	6
149.7210	8
149.7340	2
149.7470	7
149.7600	6
149.7730	5
149.7860	4
149.7990	5
149.8120	6
149.8250	7
149.8380	8
149.8510	12
149.8640	4
149.8770	1
149.8900	6
149.9030	8
149.9160	6
149.9290	2
149.9420	10
149.9550	6
149.9680	7
149.9810	4
149.9940	5
150.0070	5
150.0200	4
150.0330	1
150.0460	5
150.0590	9
150.0720	11
150.0850	6
150.0980	4
150.1110	5
150.1240	12
150.1370	3
150.1500	8
150.1630	10
150.1760	6
150.1890	4
150.2020	10
150.2150	5
150.2280	5
150.2410	2
150.2540	7
150.2670	3
150.2800	3
150.2930	2
150.3060	8
150.3190	10
150.3320	5
150.3450	6
150.3580	5
150.3710	6
150.3840	5
150.3970	8
150.4100	6
150.4230	6
150.4360	6
150.4490	6
150.4620	4
150.4750	4
150.4880	4
150.5010	6
150.5140	9
150.5270	1
150.5400	12
150.5530	8
150.5660	6
150.5790	7
150.5920	4
150.6050	8
150.6180	8
150.6310	5
150.6440	4
150.6570	5
150.6700	5
150.6830	3
150.6960	8
150.7090	6
150.7220	5
150.7350	4
150.7480	3
150.7610	5
150.7740	6
150.7870	8
150.8000	9
150.8130	3
150.8260	4
150.8390	6
150.8520	4
150.8650	6
150.8780	10
150.8910	12
150.9040	8
150.9170	5
150.9300	2
150.9430	4
150.9560	9
150.9690	5
150.9820	9
150.9950	7
151.0080	4
151.0210	10
151.0340	6
151.0470	2
151.0600	8
151.0730	7
151.0860	4
151.0990	5
151.1120	10
151.1250	12
151.1380	5
151.1510	8
151.1640	11
151.1770	6
151.1900	9
151.2030	5
151.2160	5
151.2290	10
151.2420	5
151.2550	5
151.2680	8
151.2810	1
151.2940	5
151.3070	5
151.3200	10
151.3330	1
151.3460	5
151.3590	5
151.3720	6
151.3850	7
151.3980	9
151.4110	7
151.4240	9
151.4370	6
151.4500	4
151.4630	4
151.4760	5
151.4890	8
151.5020	9
151.5150	4
151.5280	6
151.5410	4
151.5540	7
151.5670	6
151.5800	6
151.5930	3
151.6060	4
151.6190	4
151.6320	4
151.6450	8
151.6580	5
151.6710	10
151.6840	0
151.6970	6
151.7100	3
151.7230	8
151.7360	5
151.7490	2
151.7620	7
151.7750	11
151.7880	8
151.8010	5
151.8140	10
151.8270	5
151.8400	11
151.8530	10
151.8660	7
151.8790	6
151.8920	4
151.9050	8
151.9180	5
151.9310	10
151.9440	9
151.9570	11
151.9700	13
151.9830	7
151.9960	8
152.0090	6
152.0220	9
152.0350	6
152.0480	6
152.0610	9
152.0740	4
152.0870	4
152.1000	8
152.1130	5
152.1260	6
152.1390	6
152.1520	10
152.1650	2
152.1780	11
152.1910	7
152.2040	6
152.2170	7
152.2300	8
152.2430	4
152.2560	5
152.2690	5
152.2820	6
152.2950	4
152.3080	9
152.3210	6
152.3340	6
152.3470	5
152.3600	8
152.3730	4
152.3860	5
152.3990	3
152.4120	7
152.4250	9
152.4380	6
152.4510	10
152.4640	9
152.4770	2
152.4900	2
152.5030	6
152.5160	5
152.5290	3
152.5420	8
152.5550	7
152.5680	7
152.5810	8
152.5940	5
152.6070	8
152.6200	1
152.6330	2
152.6460	5
152.6590	4
152.6720	9
152.6850	8
152.6980	2
152.7110	4
152.7240	6
152.7370	5
152.7500	5
152.7630	4
152.7760	5
152.7890	8
152.8020	8
152.8150	1
152.8280	3
152.8410	3
152.8540	8
152.8670	5
152.8800	5
152.8930	5
152.9060	4
152.9190	4
152.9320	6
152.9450	7
152.9580	3
152.9710	6
152.9840	5
152.9970	6
153.0100	3
153.0230	2
153.0360	10
153.0490	2
153.0620	5
153.0750	5
153.0880	6
153.1010	6
153.1140	6
153.1270	6
153.1400	2
153.1530	7
153.1660	7
153.1790	4
153.1920	3
153.2050	5
153.2180	2
153.2310	6
153.2440	5
153.2570	7
153.2700	7
153.2830	11
153.2960	5
153.3090	3
153.3220	11
153.3350	2
153.3480	5
153.3610	5
153.3740	3
153.3870	6
153.4000	3
153.4130	7
153.4260	7
153.4390	4
153.4520	5
153.4650	6
153.4780	6
153.4910	1
153.5040	4
153.5170	3
153.5300	6
153.5430	4
153.5560	3
153.5690	2
153.5820	5
153.5950	6
153.6080	5
153.6210	5
153.6340	3
153.6470	3
153.6600	6
153.6730	5
153.6860	8
153.6990	1
153.7120	4
153.7250	5
153.7380	3
153.7510	5
153.7640	5
153.7770	7
153.7900	6
153.8030	6
153.8160	3
153.8290	4
153.8420	3
153.8550	7
153.8680	5
153.8810	7
153.8940	6
153.9070	5
153.9200	1
153.9330	12
153.9460	1
153.9590	3
153.9720	9
153.9850	7
153.9980	2
154.0110	7
154.0240	4
154.0370	4
154.0500	8
154.0630	8
154.0760	5
154.0890	4
154.1020	6
154.1150	4
154.1280	6
154.1410	3
154.1540	6
154.1670	5
154.1800	3
154.1930	7
154.2060	5
154.2190	3
154.2320	6
154.2450	7
154.2580	8
154.2710	3
154.2840	3
154.2970	8
154.3100	2
154.3230	6
154.3360	7
154.3490	6
154.3620	4
154.3750	3
154.3880	8
154.4010	6
154.4140	6
154.4270	2
154.4400	4
154.4530	6
154.4660	5
154.4790	2
154.4920	6
154.5050	5
154.5180	5
154.5310	8
154.5440	8
154.5570	6
154.5700	3
154.5830	2
154.5960	6
154.6090	7
154.6220	3
154.6350	4
154.6480	5
154.6610	5
154.6740	5
154.6870	1
154.7000	6
154.7130	8
154.7260	4
154.7390	6
154.7520	9
154.7650	5
154.7780	6
154.7910	3
154.8040	8
154.8170	6
154.8300	5
154.8430	11
154.8560	2
154.8690	3
154.8820	3
154.8950	5
154.9080	3
154.9210	6
154.9340	4
154.9470	6
154.9600	5
154.9730	7
154.9860	9
154.9990	5
155.0120	4
155.0250	2
155.0380	5
155.0510	1
155.0640	5
155.0770	4
155.0900	4
155.1030	5
155.1160	5
155.1290	7
155.1420	6
155.1550	5
155.1680	2
155.1810	6
155.1940	3
155.2070	8
155.2200	6
155.2330	4
155.2460	2
155.2590	6
155.2720	7
155.2850	10
155.2980	6
155.3110	3
155.3240	6
155.3370	8
155.3500	8
155.3630	5
155.3760	7
155.3890	3
155.4020	12
155.4150	8
155.4280	8
155.4410	6
155.4540	4
155.4670	7
155.4800	5
155.4930	5
155.5060	7
155.5190	4
155.5320	5
155.5450	7
155.5580	4
155.5710	6
155.5840	5
155.5970	5
155.6100	3
155.6230	8
155.6360	5
155.6490	5
155.6620	3
155.6750	7
155.6880	2
155.7010	9
155.7140	6
155.7270	8
155.7400	5
155.7530	3
155.7660	4
155.7790	5
155.7920	3
155.8050	5
155.8180	4
155.8310	1
155.8440	7
155.8570	5
155.8700	2
155.8830	6
155.8960	11
155.9090	3
155.9220	6
155.9350	3
155.9480	6
155.9610	4
155.9740	0
155.9870	5
156.0000	6
156.0130	4
156.0260	4
156.0390	8
156.0520	3
156.0650	3
156.0780	1
156.0910	5
156.1040	5
156.1170	5
156.1300	2
156.1430	5
156.1560	8
156.1690	4
156.1820	8
156.1950	6
156.2080	7
156.2210	4
156.2340	1
156.2470	6
156.2600	11
156.2730	3
156.2860	3
156.2990	3
156.3120	6
156.3250	1
156.3380	9
156.3510	8
156.3640	7
156.3770	4
156.3900	3
156.4030	5
156.4160	3
156.4290	8
156.4420	1
156.4550	5
156.4680	3
156.4810	4
156.4940	7
156.5070	5
156.5200	4
156.5330	8
156.5460	4
156.5590	6
156.5720	7
156.5850	7
156.5980	6
156.6110	5
156.6240	6
156.6370	2
156.6500	8
156.6630	8
156.6760	12
156.6890	8
156.7020	4
156.7150	9
156.7280	5
156.7410	8
156.7540	5
156.7670	8
156.7800	4
156.7930	4
156.8060	4
156.8190	5
156.8320	3
156.8450	2
156.8580	4
156.8710	10
156.8840	7
156.8970	9
156.9100	7
156.9230	2
156.9360	4
156.9490	7
156.9620	7
156.9750	10
156.9880	5
157.0010	5
157.0140	10
157.0270	6
157.0400	5
157.0530	0
157.0660	3
157.0790	5
157.0920	2
157.1050	6
157.1180	3
157.1310	3
157.1440	4
157.1570	4
157.1700	4
157.1830	6
157.1960	7
157.2090	6
157.2220	10
157.2350	5
157.2480	3
157.2610	3
157.2740	4
157.2870	6
157.3000	10
157.3130	8
157.3260	1
157.3390	3
157.3520	3
157.3650	4
157.3780	2
157.3910	3
157.4040	8
157.4170	7
157.4300	6
157.4430	5
157.4560	8
157.4690	3
157.4820	7
157.4950	8
157.5080	8
157.5210	2
157.5340	8
157.5470	4
157.5600	7
157.5730	5
157.5860	5
157.5990	8
157.6120	1
157.6250	6
157.6380	2
157.6510	5
157.6640	4
157.6770	2
157.6900	2
157.7030	12
157.7160	5
157.7290	3
157.7420	3
157.7550	8
157.7680	6
157.7810	8
157.7940	5
157.8070	2
157.8200	2
157.8330	5
157.8460	6
157.8590	4
157.8720	8
157.8850	4
157.8980	4
157.9110	1
157.9240	8
157.9370	3
157.9500	5
157.9630	6
157.9760	7
157.9890	6
158.0020	2
158.0150	7
158.0280	5
158.0410	6
158.0540	5
158.0670	2
158.0800	6
158.0930	10
158.1060	2
158.1190	5
158.1320	7
158.1450	3
158.1580	3
158.1710	7
158.1840	3
158.1970	2
158.2100	5
158.2230	1
158.2360	8
158.2490	6
158.2620	4
158.2750	5
158.2880	5
158.3010	4
158.3140	2
158.3270	3
158.3400	5
158.3530	3
158.3660	3
158.3790	3
158.3920	6
158.4050	4
158.4180	5
158.4310	1
158.4440	7
158.4570	4
158.4700	4
158.4830	9
158.4960	5
158.5090	5
158.5220	7
158.5350	6
158.5480	3
158.5610	2
158.5740	6
158.5870	3
158.6000	5
158.6130	5
158.6260	9
158.6390	3
158.6520	5
158.6650	3
158.6780	4
158.6910	5
158.7040	1
158.7170	7
158.7300	6
158.7430	7
158.7560	6
158.7690	5
158.7820	4
158.7950	7
158.8080	4
158.8210	5
158.8340	4
158.8470	7
158.8600	4
158.8730	4
158.8860	4
158.8990	4
158.9120	6
158.9250	3
158.9380	3
158.9510	5
158.9640	8
158.9770	7
158.9900	6
159.0030	8
159.0160	2
159.0290	8
159.0420	6
159.0550	4
159.0680	2
159.0810	7
159.0940	0
159.1070	1
159.1200	8
159.1330	3
159.1460	1
159.1590	9
159.1720	6
159.1850	7
159.1980	9
159.2110	6
159.2240	7
159.2370	5
159.2500	4
159.2630	10
159.2760	8
159.2890	3
159.3020	4
159.3150	5
159.3280	3
159.3410	5
159.3540	5
159.3670	4
159.3800	7
159.3930	5
159.4060	3
159.4190	3
159.4320	6
159.4450	9
159.4580	4
159.4710	12
159.4840	12
159.4970	8
159.5100	3
159.5230	4
159.5360	4
159.5490	5
159.5620	5
159.5750	5
159.5880	5
159.6010	4
159.6140	5
159.6270	5
159.6400	5
159.6530	2
159.6660	2
159.6790	3
159.6920	6
159.7050	4
159.7180	3
159.7310	3
159.7440	5
159.7570	5
159.7700	4
159.7830	2
159.7960	6
159.8090	8
159.8220	3
159.8350	5
159.8480	6
159.8610	6
159.8740	8
159.8870	1
159.9000	4
159.9130	2
159.9260	3
159.9390	4
159.9520	5
159.9650	5
159.9780	7
159.9910	4
160.0040	7
160.0170	4
160.0300	5
160.0430	5
160.0560	5
160.0690	5
160.0820	5
160.0950	3
160.1080	7
160.1210	4
160.1340	2
160.1470	7
160.1600	7
160.1730	6
160.1860	2
160.1990	5
160.2120	5
160.2250	3
160.2380	5
160.2510	5
160.2640	5
160.2770	5
160.2900	6
160.3030	4
160.3160	2
160.3290	1
160.3420	9
160.3550	6
160.3680	6
160.3810	5
160.3940	4
160.4070	6
160.4200	3
160.4330	7
160.4460	6
160.4590	4
160.4720	8
160.4850	8
160.4980	6
160.5110	8
160.5240	4
160.5370	5
160.5500	4
160.5630	5
160.5760	4
160.5890	3
160.6020	5
160.6150	5
160.6280	8
160.6410	4
160.6540	5
160.6670	5
160.6800	6
160.6930	6
160.7060	7
160.7190	8
160.7320	4
160.7450	3
160.7580	6
160.7710	9
160.7840	6
160.7970	3
160.8100	1
160.8230	0
160.8360	3
160.8490	9
160.8620	5
160.8750	2
160.8880	7
160.9010	3
160.9140	11
160.9270	5
160.9400	4
160.9530	7
160.9660	3
160.9790	2
160.9920	5
161.0050	4
161.0180	8
161.0310	6
161.0440	5
161.0570	10
161.0700	3
161.0830	3
161.0960	3
161.1090	1
161.1220	6
161.1350	6
161.1480	6
161.1610	7
161.1740	4
161.1870	8
161.2000	11
161.2130	5
161.2260	6
161.2390	4
161.2520	7
161.2650	4
161.2780	4
161.2910	6
161.3040	2
161.3170	4
161.3300	6
161.3430	4
161.3560	5
161.3690	4
161.3820	2
161.3950	2
161.4080	12
161.4210	4
161.4340	5
161.4470	8
161.4600	8
161.4730	4
161.4860	4
161.4990	5
161.5120	6
161.5250	4
161.5380	6
161.5510	7
161.5640	3
161.5770	4
161.5900	4
161.6030	4
161.6160	7
161.6290	7
161.6420	4
161.6550	1
161.6680	6
161.6810	6
161.6940	6
161.7070	5
161.7200	5
161.7330	8
161.7460	8
161.7590	3
161.7720	5
161.7850	5
161.7980	11
161.8110	5
161.8240	6
161.8370	5
161.8500	5
161.8630	3
161.8760	8
161.8890	4
161.9020	6
161.9150	4
161.9280	8
161.9410	6
161.9540	5
161.9670	7
161.9800	7
161.9930	4
162.0060	6
162.0190	9
162.0320	8
162.0450	3
162.0580	4
162.0710	3
162.0840	4
162.0970	9
162.1100	3
162.1230	7
162.1360	4
162.1490	9
162.1620	12
162.1750	6
162.1880	2
162.2010	4
162.2140	11
162.2270	9
162.2400	5
162.2530	6
162.2660	4
162.2790	3
162.2920	3
162.3050	6
162.3180	9
162.3310	4
162.3440	3
162.3570	7
162.3700	6
162.3830	9
162.3960	9
162.4090	4
162.4220	3
162.4350	8
162.4480	4
162.4610	5
162.4740	5
162.4870	6
162.5000	2
162.5130	4
162.5260	4
162.5390	7
162.5520	3
162.5650	8
162.5780	6
162.5910	5
162.6040	5
162.6170	4
162.6300	4
162.6430	6
162.6560	4
162.6690	6
162.6820	7
162.6950	4
162.7080	6
162.7210	6
162.7340	5
162.7470	7
162.7600	3
162.7730	4
162.7860	4
162.7990	2
162.8120	5
162.8250	6
162.8380	5
162.8510	4
162.8640	2
162.8770	3
162.8900	1
162.9030	6
162.9160	7
162.9290	5
162.9420	6
162.9550	7
162.9680	1
162.9810	6
162.9940	6
163.0070	9
163.0200	4
163.0330	3
163.0460	3
163.0590	3
163.0720	7
163.0850	8
163.0980	4
163.1110	6
163.1240	7
163.1370	7
163.1500	5
163.1630	1
163.1760	6
163.1890	2
163.2020	3
163.2150	6
163.2280	3
163.2410	3
163.2540	5
163.2670	7
163.2800	5
163.2930	5
163.3060	3
163.3190	4
163.3320	5
163.3450	6
163.3580	7
163.3710	2
163.3840	4
163.3970	3
163.4100	9
163.4230	4
163.4360	2
163.4490	3
163.4620	7
163.4750	5
163.4880	1
163.5010	4
163.5140	6
163.5270	6
163.5400	8
163.5530	8
163.5660	13
163.5790	3
163.5920	9
163.6050	5
163.6180	5
163.6310	5
163.6440	6
163.6570	9
163.6700	5
163.6830	6
163.6960	6
163.7090	4
163.7220	4
163.7350	5
163.7480	8
163.7610	3
163.7740	6
163.7870	5
163.8000	7
163.8130	6
163.8260	5
163.8390	5
163.8520	2
163.8650	4
163.8780	6
163.8910	12
163.9040	2
163.9170	2
163.9300	6
163.9430	6
163.9560	6
163.9690	5
163.9820	1
163.9950	2
164.0080	8
164.0210	5
164.0340	3
164.0470	4
164.0600	4
164.0730	1
164.0860	6
164.0990	8
164.1120	4
164.1250	3
164.1380	3
164.1510	3
164.1640	9
164.1770	3
164.1900	5
164.2030	5
164.2160	5
164.2290	2
164.2420	6
164.2550	6
164.2680	9
164.2810	7
164.2940	3
164.3070	8
164.3200	7
164.3330	1
164.3460	9
164.3590	6
164.3720	1
164.3850	7
164.3980	9
164.4110	8
164.4240	4
164.4370	9
164.4500	2
164.4630	7
164.4760	3
164.4890	6
164.5020	4
164.5150	4
164.5280	6
164.5410	9
164.5540	2
164.5670	6
164.5800	1
164.5930	5
164.6060	2
164.6190	2
164.6320	3
164.6450	6
164.6580	7
164.6710	5
164.6840	7
164.6970	2
164.7100	8
164.7230	3
164.7360	6
164.7490	10
164.7620	9
164.7750	3
164.7880	6
164.8010	4
164.8140	3
164.8270	1
164.8400	4
164.8530	5
164.8660	4
164.8790	6
164.8920	6
164.9050	1
164.9180	5
164.9310	4
164.9440	6
164.9570	4
164.9700	5
164.9830	5
164.9960	4
165.0090	12
165.0220	6
165.0350	7
165.0480	4
165.0610	1
165.0740	3
165.0870	10
165.1000	7
165.1130	12
165.1260	10
165.1390	7
165.1520	7
165.1650	7
165.1780	10
165.1910	3
165.2040	2
165.2170	5
165.2300	10
165.2430	4
165.2560	9
165.2690	4
165.2820	5
165.2950	4
165.3080	6
165.3210	4
165.3340	3
165.3470	7
165.3600	3
165.3730	5
165.3860	7
165.3990	5
165.4120	9
165.4250	2
165.4380	3
165.4510	6
165.4640	8
165.4770	5
165.4900	5
165.5030	4
165.5160	6
165.5290	6
165.5420	6
165.5550	5
165.5680	2
165.5810	6
165.5940	7
165.6070	5
165.6200	4
165.6330	6
165.6460	11
165.6590	11
165.6720	3
165.6850	2
165.6980	7
165.7110	2
165.7240	4
165.7370	5
165.7500	4
165.7630	5
165.7760	6
165.7890	4
165.8020	7
165.8150	4
165.8280	5
165.8410	4
165.8540	1
165.8670	4
165.8800	4
165.8930	2
165.9060	3
165.9190	4
165.9320	8
165.9450	7
165.9580	6
165.9710	9
165.9840	6
165.9970	4
166.0100	2
166.0230	5
166.0360	2
166.0490	5
166.0620	9
166.0750	4
166.0880	9
166.1010	4
166.1140	4
166.1270	7
166.1400	8
166.1530	5
166.1660	4
166.1790	6
166.1920	5
166.2050	4
166.2180	6
166.2310	5
166.2440	3
166.2570	5
166.2700	5
166.2830	4
166.2960	7
166.3090	7
166.3220	7
166.3350	9
166.3480	7
166.3610	3
166.3740	7
166.3870	8
166.4000	2
166.4130	6
166.4260	10
166.4390	4
166.4520	4
166.4650	2
166.4780	8
166.4910	3
166.5040	3
166.5170	5
166.5300	4
166.5430	4
166.5560	9
166.5690	3
166.5820	1
166.5950	4
166.6080	6
166.6210	3
166.6340	9
166.6470	5
166.6600	8
166.6730	7
166.6860	4
166.6990	5
166.7120	4
166.7250	4
166.7380	3
166.7510	9
166.7640	5
166.7770	3
166.7900	3
166.8030	4
166.8160	8
166.8290	2
166.8420	4
166.8550	6
166.8680	6
166.8810	9
166.8940	7
166.9070	6
166.9200	7
166.9330	5
166.9460	6
166.9590	8
166.9720	5
166.9850	5
166.9980	6
167.0110	3
167.0240	4
167.0370	7
167.0500	7
167.0630	5
167.0760	6
167.0890	2
167.1020	4
167.1150	3
167.1280	2
167.1410	2
167.1540	7
167.1670	3
167.1800	5
167.1930	2
167.2060	5
167.2190	6
167.2320	4
167.2450	2
167.2580	5
167.2710	6
167.2840	4
167.2970	6
167.3100	2
167.3230	3
167.3360	2
167.3490	5
167.3620	6
167.3750	5
167.3880	6
167.4010	5
167.4140	6
167.4270	8
167.4400	2
167.4530	3
167.4660	6
167.4790	8
167.4920	7
167.5050	5
167.5180	5
167.5310	7
167.5440	3
167.5570	6
167.5700	1
167.5830	6
167.5960	6
167.6090	7
167.6220	7
167.6350	4
167.6480	3
167.6610	1
167.6740	2
167.6870	5
167.7000	5
167.7130	6
167.7260	3
167.7390	6
167.7520	4
167.7650	8
167.7780	6
167.7910	1
167.8040	7
167.8170	10
167.8300	11
167.8430	3
167.8560	4
167.8690	8
167.8820	3
167.8950	6
167.9080	7
167.9210	4
167.9340	11
167.9470	8
167.9600	8
167.9730	4
167.9860	4
167.9990	5
168.0120	3
168.0250	6
168.0380	2
168.0510	5
168.0640	4
168.0770	5
168.0900	4
168.1030	4
168.1160	5
168.1290	4
168.1420	2
168.1550	4
168.1680	6
168.1810	3
168.1940	10
168.2070	7
168.2200	5
168.2330	6
168.2460	3
168.2590	5
168.2720	4
168.2850	3
168.2980	4
168.3110	3
168.3240	2
168.3370	12
168.3500	0
168.3630	3
168.3760	5
168.3890	3
168.4020	4
168.4150	5
168.4280	7
168.4410	5
168.4540	5
168.4670	4
168.4800	1
168.4930	5
168.5060	7
168.5190	6
168.5320	5
168.5450	11
168.5580	3
168.5710	5
168.5840	8
168.5970	3
168.6100	6
168.6230	5
168.6360	7
168.6490	6
168.6620	6
168.6750	7
168.6880	9
168.7010	4
168.7140	12
168.7270	3
168.7400	3
168.7530	5
168.7660	6
168.7790	6
168.7920	8
168.8050	6
168.8180	2
168.8310	4
168.8440	6
168.8570	3
168.8700	1
168.8830	2
168.8960	4
168.9090	7
168.9220	7
168.9350	3
168.9480	1
168.9610	4
168.9740	6
168.9870	7
169.0000	5
169.0130	6
169.0260	7
169.0390	1
169.0520	1
169.0650	8
169.0780	2
169.0910	4
169.1040	3
169.1170	7
169.1300	4
169.1430	4
169.1560	8
169.1690	5
169.1820	5
169.1950	4
169.2080	4
169.2210	7
169.2340	2
169.2470	3
169.2600	7
169.2730	5
169.2860	3
169.2990	3
169.3120	7
169.3250	6
169.3380	3
169.3510	4
169.3640	4
169.3770	3
169.3900	6
169.4030	9
169.4160	5
169.4290	5
169.4420	3
169.4550	3
169.4680	9
169.4810	5
169.4940	6
169.5070	8
169.5200	6
169.5330	6
169.5460	5
169.5590	7
169.5720	6
169.5850	5
169.5980	1
169.6110	4
169.6240	6
169.6370	4
169.6500	6
169.6630	8
169.6760	3
169.6890	5
169.7020	3
169.7150	8
169.7280	6
169.7410	5
169.7540	3
169.7670	4
169.7800	2
169.7930	4
169.8060	6
169.8190	5
169.8320	1
169.8450	4
169.8580	5
169.8710	4
169.8840	6
169.8970	5
169.9100	6
169.9230	5
169.9360	9
169.9490	1
169.9620	6
169.9750	2
169.9880	5
170.0010	5
170.0140	3
170.0270	2
170.0400	7
170.0530	3
170.0660	8
170.0790	5
170.0920	6
170.1050	3
170.1180	2
170.1310	11
170.1440	8
170.1570	6
170.1700	7
170.1830	6
170.1960	5
170.2090	8
170.2220	5
170.2350	6
170.2480	1
170.2610	0
170.2740	5
170.2870	5
170.3000	4
170.3130	2
170.3260	0
170.3390	1
170.3520	1
170.3650	4
170.3780	1
170.3910	1
170.4040	2
170.4170	1
170.4300	0
170.4430	0
170.4560	1
170.4690	2
170.4820	2
170.4950	1
170.5080	2
170.5210	3
170.5340	1
170.5470	1
170.5600	4
170.5730	7
170.5860	4
170.5990	4
170.6120	2
170.6250	6
170.6380	3
170.6510	1
170.6640	3
170.6770	7
170.6900	2
170.7030	3
170.7160	2
170.7290	3
170.7420	3
170.7550	1
170.7680	0
170.7810	0
170.7940	2
170.8070	1
170.8200	1
170.8330	1
170.8460	1
