% ----------------------------- 
%       Aurea Technology      - 
%    ChronoXea - Histogram    - 
% ----------------------------- 
% Date          : 18/12/25
% Time          : 12:09:20
% Channel       : 197905
% Bin width     : 13 ps
%
% Histo data (in ns):
% x    y
122.2260	1
122.2390	0
122.2520	2
122.2650	1
122.2780	0
122.2910	0
122.3040	2
122.3170	5
122.3300	5
122.3430	3
122.3560	5
122.3690	3
122.3820	1
122.3950	10
122.4080	1
122.4210	4
122.4340	3
122.4470	7
122.4600	8
122.4730	7
122.4860	8
122.4990	8
122.5120	6
122.5250	5
122.5380	4
122.5510	4
122.5640	8
122.5770	4
122.5900	5
122.6030	4
122.6160	6
122.6290	11
122.6420	5
122.6550	5
122.6680	5
122.6810	6
122.6940	2
122.7070	5
122.7200	7
122.7330	1
122.7460	2
122.7590	3
122.7720	3
122.7850	3
122.7980	4
122.8110	3
122.8240	3
122.8370	6
122.8500	6
122.8630	0
122.8760	3
122.8890	4
122.9020	2
122.9150	3
122.9280	2
122.9410	4
122.9540	2
122.9670	5
122.9800	2
122.9930	4
123.0060	4
123.0190	0
123.0320	4
123.0450	3
123.0580	6
123.0710	4
123.0840	5
123.0970	2
123.1100	2
123.1230	2
123.1360	6
123.1490	5
123.1620	5
123.1750	4
123.1880	8
123.2010	2
123.2140	2
123.2270	2
123.2400	3
123.2530	10
123.2660	2
123.2790	4
123.2920	5
123.3050	5
123.3180	7
123.3310	9
123.3440	10
123.3570	8
123.3700	8
123.3830	6
123.3960	10
123.4090	4
123.4220	5
123.4350	8
123.4480	3
123.4610	8
123.4740	8
123.4870	4
123.5000	6
123.5130	4
123.5260	6
123.5390	5
123.5520	7
123.5650	13
123.5780	3
123.5910	7
123.6040	4
123.6170	5
123.6300	5
123.6430	9
123.6560	3
123.6690	9
123.6820	3
123.6950	7
123.7080	4
123.7210	6
123.7340	1
123.7470	5
123.7600	2
123.7730	5
123.7860	8
123.7990	4
123.8120	3
123.8250	4
123.8380	4
123.8510	6
123.8640	3
123.8770	2
123.8900	5
123.9030	4
123.9160	5
123.9290	6
123.9420	7
123.9550	5
123.9680	2
123.9810	8
123.9940	6
124.0070	2
124.0200	5
124.0330	5
124.0460	4
124.0590	6
124.0720	9
124.0850	5
124.0980	2
124.1110	5
124.1240	4
124.1370	2
124.1500	4
124.1630	2
124.1760	5
124.1890	4
124.2020	4
124.2150	1
124.2280	1
124.2410	5
124.2540	5
124.2670	6
124.2800	6
124.2930	4
124.3060	3
124.3190	5
124.3320	2
124.3450	7
124.3580	4
124.3710	3
124.3840	3
124.3970	9
124.4100	7
124.4230	5
124.4360	4
124.4490	3
124.4620	4
124.4750	4
124.4880	9
124.5010	4
124.5140	2
124.5270	3
124.5400	2
124.5530	8
124.5660	5
124.5790	5
124.5920	5
124.6050	4
124.6180	7
124.6310	3
124.6440	5
124.6570	8
124.6700	7
124.6830	7
124.6960	4
124.7090	7
124.7220	6
124.7350	5
124.7480	9
124.7610	3
124.7740	2
124.7870	3
124.8000	10
124.8130	4
124.8260	5
124.8390	3
124.8520	3
124.8650	3
124.8780	5
124.8910	5
124.9040	4
124.9170	3
124.9300	4
124.9430	3
124.9560	3
124.9690	7
124.9820	8
124.9950	7
125.0080	2
125.0210	5
125.0340	7
125.0470	4
125.0600	7
125.0730	4
125.0860	4
125.0990	8
125.1120	11
125.1250	5
125.1380	7
125.1510	6
125.1640	4
125.1770	4
125.1900	7
125.2030	7
125.2160	6
125.2290	2
125.2420	3
125.2550	4
125.2680	3
125.2810	4
125.2940	9
125.3070	6
125.3200	8
125.3330	1
125.3460	3
125.3590	10
125.3720	4
125.3850	2
125.3980	4
125.4110	2
125.4240	2
125.4370	4
125.4500	4
125.4630	8
125.4760	2
125.4890	3
125.5020	7
125.5150	7
125.5280	5
125.5410	5
125.5540	4
125.5670	5
125.5800	6
125.5930	1
125.6060	8
125.6190	4
125.6320	4
125.6450	7
125.6580	4
125.6710	3
125.6840	0
125.6970	6
125.7100	1
125.7230	5
125.7360	7
125.7490	10
125.7620	3
125.7750	5
125.7880	7
125.8010	4
125.8140	5
125.8270	5
125.8400	2
125.8530	4
125.8660	5
125.8790	4
125.8920	1
125.9050	7
125.9180	4
125.9310	3
125.9440	7
125.9570	5
125.9700	5
125.9830	5
125.9960	2
126.0090	3
126.0220	4
126.0350	3
126.0480	3
126.0610	6
126.0740	3
126.0870	4
126.1000	8
126.1130	2
126.1260	3
126.1390	7
126.1520	4
126.1650	4
126.1780	3
126.1910	7
126.2040	4
126.2170	7
126.2300	5
126.2430	2
126.2560	3
126.2690	2
126.2820	6
126.2950	2
126.3080	6
126.3210	7
126.3340	3
126.3470	2
126.3600	2
126.3730	4
126.3860	3
126.3990	3
126.4120	3
126.4250	7
126.4380	3
126.4510	6
126.4640	9
126.4770	4
126.4900	7
126.5030	9
126.5160	4
126.5290	6
126.5420	3
126.5550	5
126.5680	6
126.5810	2
126.5940	7
126.6070	2
126.6200	11
126.6330	6
126.6460	2
126.6590	7
126.6720	3
126.6850	1
126.6980	4
126.7110	8
126.7240	4
126.7370	5
126.7500	4
126.7630	4
126.7760	4
126.7890	1
126.8020	4
126.8150	6
126.8280	8
126.8410	4
126.8540	2
126.8670	3
126.8800	4
126.8930	6
126.9060	5
126.9190	3
126.9320	2
126.9450	3
126.9580	8
126.9710	5
126.9840	6
126.9970	7
127.0100	7
127.0230	5
127.0360	4
127.0490	5
127.0620	5
127.0750	5
127.0880	6
127.1010	6
127.1140	4
127.1270	5
127.1400	5
127.1530	1
127.1660	8
127.1790	2
127.1920	1
127.2050	2
127.2180	5
127.2310	2
127.2440	4
127.2570	2
127.2700	4
127.2830	5
127.2960	6
127.3090	6
127.3220	4
127.3350	5
127.3480	6
127.3610	6
127.3740	4
127.3870	3
127.4000	2
127.4130	4
127.4260	4
127.4390	3
127.4520	2
127.4650	2
127.4780	6
127.4910	5
127.5040	7
127.5170	3
127.5300	6
127.5430	5
127.5560	9
127.5690	3
127.5820	2
127.5950	2
127.6080	6
127.6210	5
127.6340	5
127.6470	4
127.6600	5
127.6730	3
127.6860	1
127.6990	4
127.7120	4
127.7250	4
127.7380	8
127.7510	3
127.7640	4
127.7770	3
127.7900	5
127.8030	7
127.8160	1
127.8290	5
127.8420	5
127.8550	2
127.8680	8
127.8810	4
127.8940	2
127.9070	3
127.9200	7
127.9330	5
127.9460	5
127.9590	2
127.9720	5
127.9850	3
127.9980	2
128.0110	7
128.0240	3
128.0370	6
128.0500	4
128.0630	5
128.0760	10
128.0890	3
128.1020	6
128.1150	1
128.1280	4
128.1410	10
128.1540	4
128.1670	5
128.1800	6
128.1930	7
128.2060	2
128.2190	3
128.2320	4
128.2450	3
128.2580	5
128.2710	2
128.2840	4
128.2970	2
128.3100	8
128.3230	4
128.3360	4
128.3490	10
128.3620	5
128.3750	6
128.3880	11
128.4010	4
128.4140	5
128.4270	3
128.4400	3
128.4530	5
128.4660	5
128.4790	9
128.4920	2
128.5050	8
128.5180	7
128.5310	4
128.5440	8
128.5570	5
128.5700	9
128.5830	8
128.5960	6
128.6090	6
128.6220	3
128.6350	9
128.6480	6
128.6610	6
128.6740	9
128.6870	5
128.7000	5
128.7130	9
128.7260	5
128.7390	3
128.7520	8
128.7650	7
128.7780	8
128.7910	4
128.8040	8
128.8170	5
128.8300	6
128.8430	9
128.8560	7
128.8690	4
128.8820	2
128.8950	12
128.9080	9
128.9210	5
128.9340	10
128.9470	8
128.9600	10
128.9730	11
128.9860	10
128.9990	4
129.0120	4
129.0250	6
129.0380	5
129.0510	8
129.0640	8
129.0770	8
129.0900	10
129.1030	13
129.1160	8
129.1290	5
129.1420	12
129.1550	8
129.1680	9
129.1810	4
129.1940	13
129.2070	12
129.2200	7
129.2330	10
129.2460	9
129.2590	7
129.2720	12
129.2850	8
129.2980	4
129.3110	9
129.3240	13
129.3370	6
129.3500	11
129.3630	6
129.3760	7
129.3890	11
129.4020	15
129.4150	4
129.4280	6
129.4410	3
129.4540	10
129.4670	11
129.4800	5
129.4930	4
129.5060	8
129.5190	4
129.5320	10
129.5450	7
129.5580	13
129.5710	8
129.5840	9
129.5970	3
129.6100	10
129.6230	8
129.6360	15
129.6490	6
129.6620	12
129.6750	6
129.6880	9
129.7010	7
129.7140	9
129.7270	7
129.7400	10
129.7530	9
129.7660	9
129.7790	6
129.7920	10
129.8050	5
129.8180	6
129.8310	9
129.8440	9
129.8570	8
129.8700	4
129.8830	4
129.8960	13
129.9090	5
129.9220	9
129.9350	9
129.9480	6
129.9610	10
129.9740	7
129.9870	9
130.0000	9
130.0130	14
130.0260	6
130.0390	7
130.0520	14
130.0650	7
130.0780	8
130.0910	9
130.1040	4
130.1170	7
130.1300	11
130.1430	7
130.1560	8
130.1690	11
130.1820	8
130.1950	5
130.2080	5
130.2210	5
130.2340	7
130.2470	7
130.2600	13
130.2730	8
130.2860	8
130.2990	6
130.3120	11
130.3250	8
130.3380	7
130.3510	5
130.3640	11
130.3770	17
130.3900	6
130.4030	8
130.4160	8
130.4290	12
130.4420	8
130.4550	5
130.4680	14
130.4810	6
130.4940	8
130.5070	11
130.5200	12
130.5330	9
130.5460	9
130.5590	9
130.5720	6
130.5850	5
130.5980	11
130.6110	11
130.6240	5
130.6370	5
130.6500	11
130.6630	9
130.6760	6
130.6890	8
130.7020	12
130.7150	12
130.7280	6
130.7410	9
130.7540	5
130.7670	6
130.7800	8
130.7930	14
130.8060	7
130.8190	5
130.8320	8
130.8450	6
130.8580	5
130.8710	2
130.8840	12
130.8970	10
130.9100	8
130.9230	6
130.9360	11
130.9490	10
130.9620	10
130.9750	11
130.9880	5
131.0010	5
131.0140	13
131.0270	6
131.0400	8
131.0530	7
131.0660	5
131.0790	6
131.0920	9
131.1050	6
131.1180	8
131.1310	8
131.1440	13
131.1570	8
131.1700	10
131.1830	11
131.1960	11
131.2090	6
131.2220	6
131.2350	4
131.2480	10
131.2610	8
131.2740	10
131.2870	11
131.3000	11
131.3130	8
131.3260	12
131.3390	8
131.3520	7
131.3650	14
131.3780	7
131.3910	6
131.4040	8
131.4170	5
131.4300	10
131.4430	6
131.4560	11
131.4690	5
131.4820	7
131.4950	16
131.5080	14
131.5210	13
131.5340	7
131.5470	7
131.5600	6
131.5730	14
131.5860	11
131.5990	12
131.6120	9
131.6250	13
131.6380	12
131.6510	14
131.6640	10
131.6770	11
131.6900	8
131.7030	11
131.7160	13
131.7290	4
131.7420	12
131.7550	13
131.7680	10
131.7810	12
131.7940	13
131.8070	13
131.8200	11
131.8330	7
131.8460	12
131.8590	15
131.8720	16
131.8850	9
131.8980	16
131.9110	10
131.9240	15
131.9370	14
131.9500	13
131.9630	11
131.9760	14
131.9890	5
132.0020	15
132.0150	10
132.0280	13
132.0410	16
132.0540	12
132.0670	14
132.0800	13
132.0930	15
132.1060	23
132.1190	9
132.1320	23
132.1450	15
132.1580	12
132.1710	10
132.1840	11
132.1970	16
132.2100	11
132.2230	18
132.2360	9
132.2490	11
132.2620	22
132.2750	19
132.2880	11
132.3010	20
132.3140	11
132.3270	9
132.3400	10
132.3530	8
132.3660	14
132.3790	19
132.3920	18
132.4050	7
132.4180	8
132.4310	16
132.4440	14
132.4570	23
132.4700	16
132.4830	15
132.4960	21
132.5090	12
132.5220	20
132.5350	20
132.5480	15
132.5610	13
132.5740	14
132.5870	13
132.6000	19
132.6130	19
132.6260	23
132.6390	21
132.6520	12
132.6650	11
132.6780	12
132.6910	20
132.7040	11
132.7170	27
132.7300	9
132.7430	14
132.7560	12
132.7690	14
132.7820	14
132.7950	16
132.8080	14
132.8210	15
132.8340	16
132.8470	18
132.8600	18
132.8730	13
132.8860	11
132.8990	14
132.9120	12
132.9250	24
132.9380	16
132.9510	11
132.9640	15
132.9770	17
132.9900	21
133.0030	18
133.0160	18
133.0290	13
133.0420	16
133.0550	12
133.0680	12
133.0810	14
133.0940	17
133.1070	9
133.1200	11
133.1330	11
133.1460	7
133.1590	18
133.1720	15
133.1850	13
133.1980	12
133.2110	18
133.2240	13
133.2370	19
133.2500	22
133.2630	12
133.2760	11
133.2890	13
133.3020	17
133.3150	17
133.3280	12
133.3410	12
133.3540	16
133.3670	14
133.3800	16
133.3930	18
133.4060	14
133.4190	12
133.4320	19
133.4450	11
133.4580	9
133.4710	10
133.4840	16
133.4970	12
133.5100	11
133.5230	10
133.5360	10
133.5490	13
133.5620	18
133.5750	16
133.5880	17
133.6010	16
133.6140	10
133.6270	16
133.6400	9
133.6530	10
133.6660	11
133.6790	18
133.6920	13
133.7050	16
133.7180	12
133.7310	13
133.7440	15
133.7570	15
133.7700	7
133.7830	8
133.7960	11
133.8090	15
133.8220	13
133.8350	9
133.8480	9
133.8610	9
133.8740	19
133.8870	5
133.9000	13
133.9130	10
133.9260	17
133.9390	11
133.9520	13
133.9650	11
133.9780	8
133.9910	11
134.0040	11
134.0170	15
134.0300	15
134.0430	7
134.0560	10
134.0690	8
134.0820	12
134.0950	11
134.1080	12
134.1210	7
134.1340	12
134.1470	11
134.1600	17
134.1730	9
134.1860	13
134.1990	12
134.2120	7
134.2250	7
134.2380	10
134.2510	15
134.2640	11
134.2770	9
134.2900	21
134.3030	16
134.3160	14
134.3290	10
134.3420	9
134.3550	13
134.3680	11
134.3810	13
134.3940	18
134.4070	14
134.4200	10
134.4330	14
134.4460	19
134.4590	15
134.4720	13
134.4850	11
134.4980	13
134.5110	14
134.5240	18
134.5370	18
134.5500	10
134.5630	19
134.5760	12
134.5890	11
134.6020	16
134.6150	13
134.6280	15
134.6410	11
134.6540	13
134.6670	18
134.6800	8
134.6930	24
134.7060	17
134.7190	18
134.7320	15
134.7450	13
134.7580	7
134.7710	14
134.7840	9
134.7970	15
134.8100	14
134.8230	18
134.8360	17
134.8490	14
134.8620	12
134.8750	20
134.8880	17
134.9010	15
134.9140	14
134.9270	18
134.9400	18
134.9530	12
134.9660	19
134.9790	9
134.9920	21
135.0050	23
135.0180	19
135.0310	12
135.0440	21
135.0570	22
135.0700	22
135.0830	13
135.0960	28
135.1090	21
135.1220	16
135.1350	28
135.1480	21
135.1610	18
135.1740	18
135.1870	19
135.2000	18
135.2130	23
135.2260	27
135.2390	21
135.2520	26
135.2650	30
135.2780	26
135.2910	17
135.3040	25
135.3170	20
135.3300	27
135.3430	30
135.3560	30
135.3690	27
135.3820	22
135.3950	18
135.4080	29
135.4210	22
135.4340	23
135.4470	17
135.4600	19
135.4730	25
135.4860	22
135.4990	17
135.5120	22
135.5250	26
135.5380	24
135.5510	20
135.5640	16
135.5770	26
135.5900	29
135.6030	27
135.6160	31
135.6290	27
135.6420	31
135.6550	25
135.6680	29
135.6810	23
135.6940	29
135.7070	37
135.7200	23
135.7330	31
135.7460	18
135.7590	23
135.7720	26
135.7850	26
135.7980	23
135.8110	23
135.8240	18
135.8370	29
135.8500	18
135.8630	27
135.8760	34
135.8890	24
135.9020	28
135.9150	25
135.9280	32
135.9410	32
135.9540	23
135.9670	24
135.9800	22
135.9930	17
136.0060	36
136.0190	21
136.0320	24
136.0450	19
136.0580	27
136.0710	33
136.0840	26
136.0970	29
136.1100	25
136.1230	26
136.1360	20
136.1490	25
136.1620	12
136.1750	21
136.1880	33
136.2010	22
136.2140	17
136.2270	23
136.2400	35
136.2530	27
136.2660	32
136.2790	13
136.2920	29
136.3050	28
136.3180	16
136.3310	21
136.3440	27
136.3570	30
136.3700	22
136.3830	33
136.3960	28
136.4090	20
136.4220	39
136.4350	24
136.4480	23
136.4610	23
136.4740	26
136.4870	20
136.5000	21
136.5130	24
136.5260	26
136.5390	26
136.5520	31
136.5650	21
136.5780	23
136.5910	25
136.6040	20
136.6170	30
136.6300	27
136.6430	15
136.6560	11
136.6690	19
136.6820	21
136.6950	13
136.7080	21
136.7210	20
136.7340	18
136.7470	15
136.7600	20
136.7730	23
136.7860	16
136.7990	14
136.8120	21
136.8250	19
136.8380	12
136.8510	16
136.8640	12
136.8770	18
136.8900	12
136.9030	19
136.9160	14
136.9290	24
136.9420	17
136.9550	19
136.9680	16
136.9810	12
136.9940	14
137.0070	13
137.0200	18
137.0330	15
137.0460	17
137.0590	19
137.0720	12
137.0850	16
137.0980	11
137.1110	10
137.1240	15
137.1370	10
137.1500	15
137.1630	4
137.1760	16
137.1890	5
137.2020	11
137.2150	10
137.2280	15
137.2410	8
137.2540	10
137.2670	5
137.2800	15
137.2930	10
137.3060	11
137.3190	8
137.3320	9
137.3450	11
137.3580	8
137.3710	10
137.3840	8
137.3970	12
137.4100	7
137.4230	8
137.4360	6
137.4490	8
137.4620	3
137.4750	7
137.4880	6
137.5010	8
137.5140	6
137.5270	6
137.5400	4
137.5530	6
137.5660	8
137.5790	10
137.5920	7
137.6050	9
137.6180	6
137.6310	8
137.6440	11
137.6570	5
137.6700	9
137.6830	3
137.6960	7
137.7090	8
137.7220	8
137.7350	6
137.7480	9
137.7610	5
137.7740	6
137.7870	8
137.8000	5
137.8130	5
137.8260	8
137.8390	12
137.8520	10
137.8650	6
137.8780	8
137.8910	10
137.9040	8
137.9170	5
137.9300	7
137.9430	10
137.9560	9
137.9690	10
137.9820	12
137.9950	10
138.0080	10
138.0210	10
138.0340	5
138.0470	9
138.0600	13
138.0730	10
138.0860	16
138.0990	9
138.1120	22
138.1250	8
138.1380	10
138.1510	14
138.1640	10
138.1770	12
138.1900	12
138.2030	12
138.2160	11
138.2290	21
138.2420	16
138.2550	9
138.2680	20
138.2810	15
138.2940	22
138.3070	20
138.3200	17
138.3330	13
138.3460	21
138.3590	26
138.3720	24
138.3850	20
138.3980	20
138.4110	20
138.4240	19
138.4370	26
138.4500	18
138.4630	20
138.4760	19
138.4890	22
138.5020	30
138.5150	35
138.5280	20
138.5410	29
138.5540	25
138.5670	33
138.5800	31
138.5930	28
138.6060	30
138.6190	25
138.6320	31
138.6450	25
138.6580	31
138.6710	38
138.6840	27
138.6970	36
138.7100	36
138.7230	41
138.7360	25
138.7490	47
138.7620	28
138.7750	38
138.7880	41
138.8010	46
138.8140	42
138.8270	44
138.8400	39
138.8530	30
138.8660	46
138.8790	40
138.8920	62
138.9050	49
138.9180	49
138.9310	58
138.9440	48
138.9570	52
138.9700	52
138.9830	51
138.9960	57
139.0090	60
139.0220	56
139.0350	66
139.0480	68
139.0610	50
139.0740	55
139.0870	49
139.1000	62
139.1130	63
139.1260	55
139.1390	56
139.1520	62
139.1650	62
139.1780	67
139.1910	68
139.2040	63
139.2170	57
139.2300	71
139.2430	64
139.2560	60
139.2690	71
139.2820	78
139.2950	71
139.3080	62
139.3210	74
139.3340	74
139.3470	55
139.3600	79
139.3730	75
139.3860	61
139.3990	74
139.4120	85
139.4250	67
139.4380	81
139.4510	85
139.4640	98
139.4770	98
139.4900	84
139.5030	90
139.5160	85
139.5290	90
139.5420	82
139.5550	86
139.5680	79
139.5810	91
139.5940	94
139.6070	81
139.6200	105
139.6330	86
139.6460	93
139.6590	89
139.6720	99
139.6850	100
139.6980	80
139.7110	83
139.7240	87
139.7370	78
139.7500	89
139.7630	86
139.7760	103
139.7890	100
139.8020	79
139.8150	96
139.8280	83
139.8410	96
139.8540	99
139.8670	95
139.8800	100
139.8930	99
139.9060	84
139.9190	84
139.9320	105
139.9450	91
139.9580	112
139.9710	101
139.9840	95
139.9970	108
140.0100	108
140.0230	84
140.0360	94
140.0490	93
140.0620	103
140.0750	100
140.0880	103
140.1010	110
140.1140	113
140.1270	103
140.1400	101
140.1530	105
140.1660	92
140.1790	116
140.1920	102
140.2050	104
140.2180	118
140.2310	104
140.2440	114
140.2570	98
140.2700	109
140.2830	92
140.2960	125
140.3090	122
140.3220	109
140.3350	116
140.3480	116
140.3610	117
140.3740	109
140.3870	120
140.4000	107
140.4130	130
140.4260	105
140.4390	112
140.4520	118
140.4650	111
140.4780	115
140.4910	112
140.5040	139
140.5170	116
140.5300	127
140.5430	110
140.5560	123
140.5690	111
140.5820	118
140.5950	112
140.6080	122
140.6210	113
140.6340	122
140.6470	115
140.6600	109
140.6730	113
140.6860	103
140.6990	124
140.7120	123
140.7250	101
140.7380	125
140.7510	105
140.7640	115
140.7770	115
140.7900	102
140.8030	116
140.8160	100
140.8290	103
140.8420	105
140.8550	105
140.8680	115
140.8810	130
140.8940	90
140.9070	106
140.9200	76
140.9330	124
140.9460	112
140.9590	113
140.9720	117
140.9850	92
140.9980	99
141.0110	98
141.0240	124
141.0370	114
141.0500	114
141.0630	97
141.0760	81
141.0890	95
141.1020	105
141.1150	92
141.1280	101
141.1410	80
141.1540	102
141.1670	100
141.1800	109
141.1930	104
141.2060	91
141.2190	114
141.2320	106
141.2450	103
141.2580	85
141.2710	101
141.2840	114
141.2970	107
141.3100	112
141.3230	115
141.3360	102
141.3490	84
141.3620	105
141.3750	97
141.3880	105
141.4010	97
141.4140	90
141.4270	95
141.4400	84
141.4530	105
141.4660	81
141.4790	95
141.4920	81
141.5050	79
141.5180	84
141.5310	98
141.5440	91
141.5570	96
141.5700	94
141.5830	94
141.5960	100
141.6090	77
141.6220	85
141.6350	82
141.6480	90
141.6610	78
141.6740	88
141.6870	84
141.7000	101
141.7130	88
141.7260	80
141.7390	85
141.7520	87
141.7650	84
141.7780	89
141.7910	79
141.8040	78
141.8170	66
141.8300	95
141.8430	91
141.8560	86
141.8690	69
141.8820	85
141.8950	91
141.9080	77
141.9210	68
141.9340	76
141.9470	78
141.9600	74
141.9730	63
141.9860	76
141.9990	80
142.0120	80
142.0250	77
142.0380	60
142.0510	69
142.0640	78
142.0770	76
142.0900	90
142.1030	62
142.1160	81
142.1290	79
142.1420	77
142.1550	70
142.1680	62
142.1810	64
142.1940	79
142.2070	59
142.2200	77
142.2330	58
142.2460	50
142.2590	73
142.2720	67
142.2850	68
142.2980	68
142.3110	69
142.3240	81
142.3370	87
142.3500	85
142.3630	59
142.3760	81
142.3890	50
142.4020	64
142.4150	57
142.4280	80
142.4410	68
142.4540	84
142.4670	74
142.4800	66
142.4930	62
142.5060	52
142.5190	71
142.5320	58
142.5450	51
142.5580	55
142.5710	64
142.5840	49
142.5970	76
142.6100	38
142.6230	53
142.6360	70
142.6490	62
142.6620	53
142.6750	60
142.6880	54
142.7010	57
142.7140	55
142.7270	55
142.7400	48
142.7530	43
142.7660	53
142.7790	52
142.7920	52
142.8050	45
142.8180	50
142.8310	48
142.8440	48
142.8570	56
142.8700	51
142.8830	45
142.8960	39
142.9090	49
142.9220	39
142.9350	37
142.9480	45
142.9610	49
142.9740	39
142.9870	38
143.0000	37
143.0130	41
143.0260	37
143.0390	40
143.0520	49
143.0650	45
143.0780	37
143.0910	42
143.1040	38
143.1170	46
143.1300	38
143.1430	36
143.1560	37
143.1690	43
143.1820	38
143.1950	31
143.2080	28
143.2210	26
143.2340	31
143.2470	34
143.2600	26
143.2730	38
143.2860	37
143.2990	36
143.3120	35
143.3250	34
143.3380	39
143.3510	37
143.3640	24
143.3770	35
143.3900	30
143.4030	26
143.4160	37
143.4290	27
143.4420	30
143.4550	21
143.4680	32
143.4810	21
143.4940	30
143.5070	19
143.5200	26
143.5330	19
143.5460	21
143.5590	33
143.5720	17
143.5850	31
143.5980	25
143.6110	15
143.6240	25
143.6370	20
143.6500	18
143.6630	20
143.6760	21
143.6890	24
143.7020	24
143.7150	22
143.7280	21
143.7410	26
143.7540	28
143.7670	14
143.7800	16
143.7930	11
143.8060	29
143.8190	16
143.8320	19
143.8450	9
143.8580	15
143.8710	23
143.8840	15
143.8970	12
143.9100	15
143.9230	16
143.9360	16
143.9490	11
143.9620	8
143.9750	10
143.9880	18
144.0010	10
144.0140	10
144.0270	15
144.0400	10
144.0530	13
144.0660	9
144.0790	14
144.0920	7
144.1050	18
144.1180	12
144.1310	8
144.1440	10
144.1570	12
144.1700	8
144.1830	10
144.1960	12
144.2090	12
144.2220	8
144.2350	10
144.2480	8
144.2610	10
144.2740	8
144.2870	9
144.3000	14
144.3130	12
144.3260	8
144.3390	9
144.3520	6
144.3650	6
144.3780	12
144.3910	8
144.4040	10
144.4170	4
144.4300	12
144.4430	12
144.4560	11
144.4690	6
144.4820	10
144.4950	8
144.5080	7
144.5210	3
144.5340	9
144.5470	4
144.5600	10
144.5730	7
144.5860	2
144.5990	4
144.6120	11
144.6250	3
144.6380	7
144.6510	7
144.6640	7
144.6770	4
144.6900	9
144.7030	5
144.7160	9
144.7290	3
144.7420	6
144.7550	6
144.7680	4
144.7810	2
144.7940	3
144.8070	6
144.8200	6
144.8330	7
144.8460	8
144.8590	3
144.8720	3
144.8850	5
144.8980	0
144.9110	9
144.9240	5
144.9370	4
144.9500	4
144.9630	8
144.9760	2
144.9890	7
145.0020	3
145.0150	3
145.0280	3
145.0410	8
145.0540	6
145.0670	9
145.0800	8
145.0930	6
145.1060	8
145.1190	10
145.1320	7
145.1450	4
145.1580	8
145.1710	7
145.1840	4
145.1970	7
145.2100	7
145.2230	10
145.2360	4
145.2490	6
145.2620	8
145.2750	2
145.2880	5
145.3010	7
145.3140	5
145.3270	5
145.3400	9
145.3530	5
145.3660	6
145.3790	15
145.3920	9
145.4050	4
145.4180	8
145.4310	10
145.4440	9
145.4570	4
145.4700	13
145.4830	5
145.4960	2
145.5090	8
145.5220	8
145.5350	7
145.5480	5
145.5610	5
145.5740	4
145.5870	8
145.6000	11
145.6130	9
145.6260	4
145.6390	8
145.6520	10
145.6650	8
145.6780	9
145.6910	8
145.7040	12
145.7170	4
145.7300	15
145.7430	8
145.7560	7
145.7690	9
145.7820	6
145.7950	11
145.8080	5
145.8210	10
145.8340	11
145.8470	10
145.8600	8
145.8730	9
145.8860	10
145.8990	9
145.9120	12
145.9250	9
145.9380	12
145.9510	10
145.9640	6
145.9770	8
145.9900	7
146.0030	10
146.0160	12
146.0290	5
146.0420	7
146.0550	10
146.0680	10
146.0810	11
146.0940	9
146.1070	8
146.1200	8
146.1330	6
146.1460	11
146.1590	6
146.1720	6
146.1850	11
146.1980	9
146.2110	5
146.2240	10
146.2370	8
146.2500	12
146.2630	8
146.2760	6
146.2890	15
146.3020	6
146.3150	10
146.3280	11
146.3410	6
146.3540	8
146.3670	12
146.3800	13
146.3930	11
146.4060	15
146.4190	5
146.4320	7
146.4450	9
146.4580	12
146.4710	7
146.4840	13
146.4970	8
146.5100	7
146.5230	16
146.5360	12
146.5490	9
146.5620	15
146.5750	10
146.5880	7
146.6010	14
146.6140	9
146.6270	8
146.6400	10
146.6530	9
146.6660	4
146.6790	4
146.6920	11
146.7050	13
146.7180	9
146.7310	7
146.7440	6
146.7570	6
146.7700	8
146.7830	16
146.7960	6
146.8090	9
146.8220	7
146.8350	10
146.8480	7
146.8610	6
146.8740	10
146.8870	5
146.9000	8
146.9130	15
146.9260	9
146.9390	11
146.9520	4
146.9650	3
146.9780	7
146.9910	9
147.0040	8
147.0170	7
147.0300	17
147.0430	5
147.0560	14
147.0690	12
147.0820	9
147.0950	6
147.1080	7
147.1210	5
147.1340	6
147.1470	10
147.1600	8
147.1730	4
147.1860	7
147.1990	7
147.2120	8
147.2250	4
147.2380	6
147.2510	4
147.2640	11
147.2770	5
147.2900	11
147.3030	10
147.3160	6
147.3290	5
147.3420	7
147.3550	5
147.3680	12
147.3810	9
147.3940	9
147.4070	8
147.4200	8
147.4330	9
147.4460	10
147.4590	5
147.4720	6
147.4850	5
147.4980	9
147.5110	8
147.5240	6
147.5370	5
147.5500	8
147.5630	9
147.5760	6
147.5890	2
147.6020	9
147.6150	13
147.6280	7
147.6410	6
147.6540	8
147.6670	7
147.6800	6
147.6930	6
147.7060	10
147.7190	9
147.7320	8
147.7450	5
147.7580	4
147.7710	5
147.7840	6
147.7970	3
147.8100	3
147.8230	9
147.8360	6
147.8490	13
147.8620	3
147.8750	7
147.8880	6
147.9010	7
147.9140	5
147.9270	10
147.9400	8
147.9530	5
147.9660	4
147.9790	11
147.9920	9
148.0050	6
148.0180	5
148.0310	8
148.0440	4
148.0570	6
148.0700	10
148.0830	3
148.0960	5
148.1090	4
148.1220	5
148.1350	2
148.1480	4
148.1610	7
148.1740	9
148.1870	8
148.2000	5
148.2130	9
148.2260	9
148.2390	1
148.2520	5
148.2650	6
148.2780	6
148.2910	5
148.3040	9
148.3170	3
148.3300	10
148.3430	6
148.3560	2
148.3690	8
148.3820	4
148.3950	7
148.4080	4
148.4210	4
148.4340	8
148.4470	4
148.4600	5
148.4730	5
148.4860	9
148.4990	4
148.5120	8
148.5250	8
148.5380	5
148.5510	14
148.5640	4
148.5770	10
148.5900	3
148.6030	4
148.6160	6
148.6290	4
148.6420	7
148.6550	6
148.6680	4
148.6810	9
148.6940	6
148.7070	13
148.7200	8
148.7330	4
148.7460	6
148.7590	2
148.7720	10
148.7850	7
148.7980	6
148.8110	7
148.8240	10
148.8370	7
148.8500	9
148.8630	4
148.8760	8
148.8890	3
148.9020	7
148.9150	8
148.9280	8
148.9410	3
148.9540	6
148.9670	7
148.9800	3
148.9930	4
149.0060	10
149.0190	12
149.0320	8
149.0450	9
149.0580	6
149.0710	6
149.0840	3
149.0970	7
149.1100	7
149.1230	4
149.1360	6
149.1490	8
149.1620	4
149.1750	9
149.1880	6
149.2010	6
149.2140	7
149.2270	5
149.2400	4
149.2530	5
149.2660	3
149.2790	9
149.2920	6
149.3050	5
149.3180	8
149.3310	4
149.3440	8
149.3570	5
149.3700	4
149.3830	9
149.3960	11
149.4090	5
149.4220	6
149.4350	7
149.4480	9
149.4610	6
149.4740	6
149.4870	5
149.5000	9
149.5130	10
149.5260	7
149.5390	9
149.5520	3
149.5650	5
149.5780	4
149.5910	6
149.6040	6
149.6170	4
149.6300	16
149.6430	4
149.6560	8
149.6690	5
149.6820	9
149.6950	8
149.7080	5
149.7210	5
149.7340	3
149.7470	6
149.7600	5
149.7730	9
149.7860	4
149.7990	7
149.8120	4
149.8250	6
149.8380	5
149.8510	12
149.8640	3
149.8770	5
149.8900	6
149.9030	7
149.9160	8
149.9290	6
149.9420	3
149.9550	7
149.9680	10
149.9810	7
149.9940	8
150.0070	2
150.0200	9
150.0330	5
150.0460	12
150.0590	7
150.0720	7
150.0850	9
150.0980	6
150.1110	6
150.1240	6
150.1370	5
150.1500	7
150.1630	6
150.1760	5
150.1890	12
150.2020	7
150.2150	7
150.2280	7
150.2410	6
150.2540	7
150.2670	4
150.2800	3
150.2930	6
150.3060	4
150.3190	12
150.3320	4
150.3450	5
150.3580	4
150.3710	5
150.3840	4
150.3970	8
150.4100	9
150.4230	1
150.4360	4
150.4490	3
150.4620	4
150.4750	8
150.4880	7
150.5010	8
150.5140	7
150.5270	5
150.5400	4
150.5530	5
150.5660	5
150.5790	6
150.5920	1
150.6050	3
150.6180	6
150.6310	3
150.6440	9
150.6570	6
150.6700	5
150.6830	10
150.6960	11
150.7090	4
150.7220	7
150.7350	1
150.7480	7
150.7610	7
150.7740	7
150.7870	9
150.8000	3
150.8130	8
150.8260	8
150.8390	6
150.8520	6
150.8650	8
150.8780	3
150.8910	4
150.9040	7
150.9170	6
150.9300	8
150.9430	12
150.9560	4
150.9690	4
150.9820	10
150.9950	4
151.0080	2
151.0210	3
151.0340	6
151.0470	10
151.0600	5
151.0730	6
151.0860	7
151.0990	7
151.1120	7
151.1250	3
151.1380	3
151.1510	10
151.1640	7
151.1770	7
151.1900	5
151.2030	10
151.2160	5
151.2290	5
151.2420	7
151.2550	4
151.2680	14
151.2810	7
151.2940	6
151.3070	8
151.3200	4
151.3330	8
151.3460	6
151.3590	5
151.3720	12
151.3850	9
151.3980	6
151.4110	7
151.4240	6
151.4370	5
151.4500	4
151.4630	9
151.4760	3
151.4890	5
151.5020	11
151.5150	5
151.5280	6
151.5410	6
151.5540	4
151.5670	3
151.5800	4
151.5930	8
151.6060	4
151.6190	4
151.6320	5
151.6450	4
151.6580	11
151.6710	5
151.6840	6
151.6970	6
151.7100	3
151.7230	7
151.7360	6
151.7490	7
151.7620	9
151.7750	8
151.7880	8
151.8010	7
151.8140	6
151.8270	5
151.8400	2
151.8530	4
151.8660	4
151.8790	5
151.8920	4
151.9050	5
151.9180	9
151.9310	5
151.9440	3
151.9570	5
151.9700	8
151.9830	5
151.9960	6
152.0090	4
152.0220	8
152.0350	9
152.0480	6
152.0610	8
152.0740	4
152.0870	5
152.1000	6
152.1130	3
152.1260	4
152.1390	2
152.1520	5
152.1650	6
152.1780	4
152.1910	8
152.2040	5
152.2170	2
152.2300	8
152.2430	4
152.2560	7
152.2690	10
152.2820	10
152.2950	7
152.3080	11
152.3210	6
152.3340	6
152.3470	4
152.3600	5
152.3730	6
152.3860	7
152.3990	9
152.4120	6
152.4250	6
152.4380	7
152.4510	6
152.4640	7
152.4770	5
152.4900	10
152.5030	4
152.5160	2
152.5290	8
152.5420	10
152.5550	2
152.5680	6
152.5810	3
152.5940	4
152.6070	5
152.6200	7
152.6330	5
152.6460	8
152.6590	2
152.6720	8
152.6850	4
152.6980	3
152.7110	7
152.7240	6
152.7370	6
152.7500	6
152.7630	1
152.7760	4
152.7890	7
152.8020	4
152.8150	9
152.8280	2
152.8410	5
152.8540	7
152.8670	1
152.8800	5
152.8930	5
152.9060	5
152.9190	9
152.9320	7
152.9450	5
152.9580	3
152.9710	3
152.9840	5
152.9970	2
153.0100	3
153.0230	6
153.0360	2
153.0490	4
153.0620	4
153.0750	5
153.0880	9
153.1010	5
153.1140	6
153.1270	4
153.1400	6
153.1530	4
153.1660	5
153.1790	6
153.1920	8
153.2050	3
153.2180	4
153.2310	4
153.2440	5
153.2570	10
153.2700	3
153.2830	4
153.2960	5
153.3090	8
153.3220	0
153.3350	9
153.3480	2
153.3610	5
153.3740	4
153.3870	2
153.4000	2
153.4130	5
153.4260	4
153.4390	2
153.4520	9
153.4650	4
153.4780	4
153.4910	5
153.5040	6
153.5170	2
153.5300	4
153.5430	3
153.5560	5
153.5690	3
153.5820	12
153.5950	5
153.6080	6
153.6210	1
153.6340	7
153.6470	1
153.6600	6
153.6730	4
153.6860	6
153.6990	5
153.7120	9
153.7250	6
153.7380	7
153.7510	5
153.7640	1
153.7770	4
153.7900	5
153.8030	5
153.8160	3
153.8290	6
153.8420	5
153.8550	7
153.8680	9
153.8810	3
153.8940	4
153.9070	7
153.9200	9
153.9330	8
153.9460	6
153.9590	4
153.9720	3
153.9850	4
153.9980	4
154.0110	6
154.0240	3
154.0370	9
154.0500	3
154.0630	4
154.0760	9
154.0890	5
154.1020	7
154.1150	0
154.1280	5
154.1410	4
154.1540	3
154.1670	4
154.1800	3
154.1930	3
154.2060	5
154.2190	8
154.2320	5
154.2450	5
154.2580	2
154.2710	5
154.2840	2
154.2970	6
154.3100	4
154.3230	6
154.3360	3
154.3490	3
154.3620	4
154.3750	5
154.3880	6
154.4010	3
154.4140	3
154.4270	6
154.4400	4
154.4530	5
154.4660	0
154.4790	5
154.4920	3
154.5050	6
154.5180	3
154.5310	8
154.5440	4
154.5570	6
154.5700	8
154.5830	5
154.5960	5
154.6090	3
154.6220	6
154.6350	3
154.6480	2
154.6610	7
154.6740	3
154.6870	3
154.7000	5
154.7130	2
154.7260	5
154.7390	1
154.7520	5
154.7650	7
154.7780	7
154.7910	3
154.8040	5
154.8170	2
154.8300	1
154.8430	5
154.8560	4
154.8690	5
154.8820	5
154.8950	1
154.9080	6
154.9210	1
154.9340	6
154.9470	3
154.9600	6
154.9730	2
154.9860	6
154.9990	6
155.0120	8
155.0250	9
155.0380	5
155.0510	7
155.0640	6
155.0770	7
155.0900	7
155.1030	6
155.1160	8
155.1290	9
155.1420	5
155.1550	7
155.1680	4
155.1810	5
155.1940	3
155.2070	3
155.2200	5
155.2330	3
155.2460	5
155.2590	5
155.2720	8
155.2850	7
155.2980	7
155.3110	2
155.3240	10
155.3370	4
155.3500	8
155.3630	9
155.3760	4
155.3890	1
155.4020	3
155.4150	8
155.4280	7
155.4410	5
155.4540	6
155.4670	4
155.4800	5
155.4930	5
155.5060	8
155.5190	7
155.5320	7
155.5450	4
155.5580	5
155.5710	7
155.5840	3
155.5970	5
155.6100	8
155.6230	8
155.6360	6
155.6490	3
155.6620	6
155.6750	6
155.6880	6
155.7010	3
155.7140	1
155.7270	3
155.7400	3
155.7530	8
155.7660	8
155.7790	8
155.7920	2
155.8050	5
155.8180	0
155.8310	3
155.8440	6
155.8570	3
155.8700	3
155.8830	5
155.8960	4
155.9090	8
155.9220	7
155.9350	4
155.9480	3
155.9610	9
155.9740	7
155.9870	5
156.0000	7
156.0130	5
156.0260	7
156.0390	3
156.0520	6
156.0650	5
156.0780	5
156.0910	8
156.1040	4
156.1170	12
156.1300	5
156.1430	6
156.1560	3
156.1690	7
156.1820	6
156.1950	5
156.2080	8
156.2210	4
156.2340	8
156.2470	6
156.2600	7
156.2730	3
156.2860	6
156.2990	2
156.3120	7
156.3250	7
156.3380	5
156.3510	2
156.3640	5
156.3770	6
156.3900	6
156.4030	4
156.4160	8
156.4290	9
156.4420	6
156.4550	7
156.4680	0
156.4810	8
156.4940	2
156.5070	8
156.5200	4
156.5330	2
156.5460	8
156.5590	5
156.5720	7
156.5850	4
156.5980	4
156.6110	7
156.6240	3
156.6370	5
156.6500	4
156.6630	1
156.6760	3
156.6890	4
156.7020	5
156.7150	4
156.7280	2
156.7410	9
156.7540	2
156.7670	3
156.7800	2
156.7930	4
156.8060	1
156.8190	2
156.8320	5
156.8450	5
156.8580	4
156.8710	12
156.8840	6
156.8970	3
156.9100	5
156.9230	5
156.9360	5
156.9490	2
156.9620	6
156.9750	10
156.9880	6
157.0010	5
157.0140	1
157.0270	6
157.0400	8
157.0530	5
157.0660	7
157.0790	8
157.0920	11
157.1050	6
157.1180	5
157.1310	5
157.1440	10
157.1570	9
157.1700	5
157.1830	2
157.1960	5
157.2090	3
157.2220	3
157.2350	5
157.2480	3
157.2610	7
157.2740	4
157.2870	1
157.3000	6
157.3130	4
157.3260	7
157.3390	3
157.3520	2
157.3650	5
157.3780	3
157.3910	6
157.4040	1
157.4170	3
157.4300	6
157.4430	6
157.4560	3
157.4690	6
157.4820	2
157.4950	2
157.5080	9
157.5210	5
157.5340	3
157.5470	7
157.5600	6
157.5730	1
157.5860	9
157.5990	3
157.6120	2
157.6250	3
157.6380	8
157.6510	5
157.6640	5
157.6770	3
157.6900	6
157.7030	10
157.7160	4
157.7290	8
157.7420	5
157.7550	1
157.7680	5
157.7810	1
157.7940	9
157.8070	4
157.8200	6
157.8330	5
157.8460	0
157.8590	4
157.8720	3
157.8850	4
157.8980	5
157.9110	7
157.9240	1
157.9370	3
157.9500	7
157.9630	4
157.9760	5
157.9890	6
158.0020	9
158.0150	2
158.0280	7
158.0410	5
158.0540	8
158.0670	6
158.0800	6
158.0930	5
158.1060	5
158.1190	8
158.1320	3
158.1450	3
158.1580	6
158.1710	7
158.1840	7
158.1970	9
158.2100	6
158.2230	2
158.2360	2
158.2490	4
158.2620	4
158.2750	3
158.2880	11
158.3010	2
158.3140	5
158.3270	2
158.3400	7
158.3530	8
158.3660	5
158.3790	4
158.3920	4
158.4050	3
158.4180	2
158.4310	2
158.4440	2
158.4570	1
158.4700	6
158.4830	5
158.4960	5
158.5090	4
158.5220	1
158.5350	4
158.5480	1
158.5610	5
158.5740	2
158.5870	4
158.6000	7
158.6130	4
158.6260	8
158.6390	2
158.6520	5
158.6650	11
158.6780	7
158.6910	3
158.7040	6
158.7170	8
158.7300	3
158.7430	9
158.7560	4
158.7690	1
158.7820	5
158.7950	7
158.8080	2
158.8210	2
158.8340	2
158.8470	5
158.8600	12
158.8730	1
158.8860	4
158.8990	9
158.9120	8
158.9250	1
158.9380	2
158.9510	6
158.9640	2
158.9770	3
158.9900	4
159.0030	4
159.0160	7
159.0290	2
159.0420	3
159.0550	7
159.0680	8
159.0810	3
159.0940	5
159.1070	10
159.1200	10
159.1330	4
159.1460	1
159.1590	3
159.1720	2
159.1850	5
159.1980	7
159.2110	2
159.2240	7
159.2370	9
159.2500	4
159.2630	6
159.2760	6
159.2890	2
159.3020	3
159.3150	7
159.3280	4
159.3410	5
159.3540	3
159.3670	6
159.3800	5
159.3930	2
159.4060	5
159.4190	5
159.4320	5
159.4450	6
159.4580	6
159.4710	6
159.4840	9
159.4970	8
159.5100	3
159.5230	3
159.5360	4
159.5490	7
159.5620	3
159.5750	7
159.5880	1
159.6010	4
159.6140	4
159.6270	3
159.6400	7
159.6530	6
159.6660	6
159.6790	5
159.6920	6
159.7050	8
159.7180	3
159.7310	3
159.7440	6
159.7570	5
159.7700	4
159.7830	6
159.7960	6
159.8090	6
159.8220	4
159.8350	12
159.8480	8
159.8610	5
159.8740	5
159.8870	6
159.9000	4
159.9130	8
159.9260	6
159.9390	8
159.9520	4
159.9650	3
159.9780	2
159.9910	3
160.0040	4
160.0170	6
160.0300	5
160.0430	2
160.0560	6
160.0690	7
160.0820	6
160.0950	6
160.1080	5
160.1210	7
160.1340	7
160.1470	7
160.1600	10
160.1730	7
160.1860	3
160.1990	3
160.2120	5
160.2250	6
160.2380	2
160.2510	4
160.2640	5
160.2770	3
160.2900	5
160.3030	3
160.3160	5
160.3290	3
160.3420	3
160.3550	9
160.3680	5
160.3810	7
160.3940	6
160.4070	4
160.4200	5
160.4330	2
160.4460	2
160.4590	2
160.4720	6
160.4850	4
160.4980	5
160.5110	5
160.5240	3
160.5370	7
160.5500	6
160.5630	4
160.5760	2
160.5890	6
160.6020	3
160.6150	3
160.6280	4
160.6410	10
160.6540	5
160.6670	11
160.6800	4
160.6930	6
160.7060	4
160.7190	5
160.7320	7
160.7450	4
160.7580	5
160.7710	5
160.7840	1
160.7970	4
160.8100	7
160.8230	4
160.8360	2
160.8490	5
160.8620	2
160.8750	2
160.8880	4
160.9010	5
160.9140	8
160.9270	4
160.9400	4
160.9530	6
160.9660	3
160.9790	6
160.9920	3
161.0050	8
161.0180	4
161.0310	3
161.0440	2
161.0570	7
161.0700	7
161.0830	3
161.0960	6
161.1090	8
161.1220	4
161.1350	8
161.1480	5
161.1610	3
161.1740	7
161.1870	4
161.2000	3
161.2130	6
161.2260	7
161.2390	5
161.2520	3
161.2650	11
161.2780	4
161.2910	2
161.3040	5
161.3170	2
161.3300	8
161.3430	0
161.3560	3
161.3690	7
161.3820	6
161.3950	6
161.4080	4
161.4210	8
161.4340	4
161.4470	4
161.4600	9
161.4730	1
161.4860	7
161.4990	4
161.5120	3
161.5250	2
161.5380	3
161.5510	7
161.5640	7
161.5770	8
161.5900	4
161.6030	6
161.6160	11
161.6290	3
161.6420	6
161.6550	5
161.6680	6
161.6810	5
161.6940	2
161.7070	4
161.7200	4
161.7330	4
161.7460	1
161.7590	4
161.7720	2
161.7850	0
161.7980	4
161.8110	5
161.8240	4
161.8370	7
161.8500	4
161.8630	5
161.8760	2
161.8890	4
161.9020	1
161.9150	5
161.9280	5
161.9410	7
161.9540	6
161.9670	5
161.9800	3
161.9930	7
162.0060	3
162.0190	3
162.0320	9
162.0450	10
162.0580	5
162.0710	5
162.0840	3
162.0970	4
162.1100	9
162.1230	4
162.1360	0
162.1490	4
162.1620	2
162.1750	7
162.1880	3
162.2010	3
162.2140	5
162.2270	9
162.2400	8
162.2530	9
162.2660	4
162.2790	3
162.2920	2
162.3050	6
162.3180	7
162.3310	6
162.3440	3
162.3570	5
162.3700	6
162.3830	2
162.3960	2
162.4090	5
162.4220	7
162.4350	1
162.4480	9
162.4610	6
162.4740	7
162.4870	7
162.5000	1
162.5130	1
162.5260	5
162.5390	6
162.5520	5
162.5650	8
162.5780	4
162.5910	6
162.6040	7
162.6170	9
162.6300	5
162.6430	9
162.6560	4
162.6690	5
162.6820	1
162.6950	5
162.7080	3
162.7210	4
162.7340	7
162.7470	1
162.7600	4
162.7730	4
162.7860	2
162.7990	5
162.8120	5
162.8250	2
162.8380	8
162.8510	2
162.8640	10
162.8770	2
162.8900	3
162.9030	4
162.9160	7
162.9290	7
162.9420	4
162.9550	3
162.9680	4
162.9810	5
162.9940	4
163.0070	2
163.0200	1
163.0330	5
163.0460	0
163.0590	3
163.0720	4
163.0850	8
163.0980	6
163.1110	7
163.1240	4
163.1370	2
163.1500	5
163.1630	5
163.1760	5
163.1890	6
163.2020	6
163.2150	6
163.2280	8
163.2410	2
163.2540	6
163.2670	4
163.2800	2
163.2930	3
163.3060	7
163.3190	4
163.3320	7
163.3450	5
163.3580	5
163.3710	3
163.3840	5
163.3970	3
163.4100	5
163.4230	5
163.4360	8
163.4490	8
163.4620	6
163.4750	5
163.4880	2
163.5010	7
163.5140	7
163.5270	4
163.5400	5
163.5530	3
163.5660	5
163.5790	4
163.5920	4
163.6050	3
163.6180	5
163.6310	4
163.6440	3
163.6570	1
163.6700	3
163.6830	3
163.6960	8
163.7090	5
163.7220	5
163.7350	5
163.7480	2
163.7610	1
163.7740	11
163.7870	4
163.8000	5
163.8130	6
163.8260	6
163.8390	3
163.8520	6
163.8650	5
163.8780	2
163.8910	3
163.9040	9
163.9170	8
163.9300	3
163.9430	5
163.9560	5
163.9690	12
163.9820	6
163.9950	4
164.0080	3
164.0210	6
164.0340	3
164.0470	4
164.0600	5
164.0730	5
164.0860	6
164.0990	3
164.1120	6
164.1250	1
164.1380	4
164.1510	5
164.1640	3
164.1770	2
164.1900	5
164.2030	11
164.2160	8
164.2290	2
164.2420	1
164.2550	7
164.2680	8
164.2810	7
164.2940	5
164.3070	6
164.3200	4
164.3330	4
164.3460	4
164.3590	6
164.3720	7
164.3850	4
164.3980	3
164.4110	3
164.4240	4
164.4370	11
164.4500	6
164.4630	3
164.4760	4
164.4890	4
164.5020	6
164.5150	2
164.5280	6
164.5410	3
164.5540	7
164.5670	5
164.5800	2
164.5930	1
164.6060	4
164.6190	4
164.6320	3
164.6450	5
164.6580	5
164.6710	2
164.6840	2
164.6970	1
164.7100	5
164.7230	3
164.7360	7
164.7490	10
164.7620	3
164.7750	3
164.7880	2
164.8010	3
164.8140	1
164.8270	7
164.8400	4
164.8530	5
164.8660	4
164.8790	7
164.8920	2
164.9050	9
164.9180	2
164.9310	6
164.9440	4
164.9570	2
164.9700	6
164.9830	6
164.9960	5
165.0090	6
165.0220	7
165.0350	5
165.0480	4
165.0610	5
165.0740	4
165.0870	4
165.1000	1
165.1130	4
165.1260	3
165.1390	4
165.1520	2
165.1650	6
165.1780	6
165.1910	3
165.2040	9
165.2170	4
165.2300	11
165.2430	3
165.2560	3
165.2690	1
165.2820	3
165.2950	4
165.3080	6
165.3210	5
165.3340	9
165.3470	5
165.3600	6
165.3730	6
165.3860	5
165.3990	5
165.4120	6
165.4250	3
165.4380	2
165.4510	6
165.4640	5
165.4770	3
165.4900	4
165.5030	0
165.5160	6
165.5290	5
165.5420	3
165.5550	8
165.5680	3
165.5810	7
165.5940	7
165.6070	5
165.6200	5
165.6330	7
165.6460	4
165.6590	3
165.6720	2
165.6850	0
165.6980	5
165.7110	5
165.7240	6
165.7370	4
165.7500	7
165.7630	7
165.7760	3
165.7890	5
165.8020	4
165.8150	5
165.8280	4
165.8410	6
165.8540	2
165.8670	8
165.8800	9
165.8930	7
165.9060	7
165.9190	7
165.9320	10
165.9450	3
165.9580	5
165.9710	4
165.9840	3
165.9970	4
166.0100	3
166.0230	5
166.0360	5
166.0490	11
166.0620	11
166.0750	5
166.0880	5
166.1010	7
166.1140	8
166.1270	4
166.1400	7
166.1530	7
166.1660	6
166.1790	4
166.1920	12
166.2050	8
166.2180	5
166.2310	4
166.2440	11
166.2570	4
166.2700	1
166.2830	8
166.2960	5
166.3090	3
166.3220	5
166.3350	7
166.3480	10
166.3610	6
166.3740	1
166.3870	8
166.4000	6
166.4130	6
166.4260	9
166.4390	9
166.4520	9
166.4650	2
166.4780	5
166.4910	3
166.5040	5
166.5170	8
166.5300	5
166.5430	6
166.5560	5
166.5690	5
166.5820	3
166.5950	9
166.6080	5
166.6210	6
166.6340	5
166.6470	5
166.6600	5
166.6730	6
166.6860	3
166.6990	5
166.7120	4
166.7250	7
166.7380	1
166.7510	5
166.7640	2
166.7770	5
166.7900	8
166.8030	5
166.8160	10
166.8290	5
166.8420	7
166.8550	6
166.8680	3
166.8810	11
166.8940	4
166.9070	8
166.9200	7
166.9330	8
166.9460	3
166.9590	3
166.9720	3
166.9850	1
166.9980	6
167.0110	8
167.0240	3
167.0370	4
167.0500	1
167.0630	9
167.0760	4
167.0890	5
167.1020	12
167.1150	4
167.1280	3
167.1410	1
167.1540	5
167.1670	1
167.1800	8
167.1930	9
167.2060	7
167.2190	5
167.2320	4
167.2450	1
167.2580	6
167.2710	8
167.2840	5
167.2970	4
167.3100	7
167.3230	3
167.3360	9
167.3490	4
167.3620	5
167.3750	6
167.3880	4
167.4010	2
167.4140	5
167.4270	4
167.4400	10
167.4530	6
167.4660	4
167.4790	11
167.4920	5
167.5050	6
167.5180	6
167.5310	0
167.5440	7
167.5570	2
167.5700	8
167.5830	4
167.5960	2
167.6090	4
167.6220	7
167.6350	4
167.6480	7
167.6610	6
167.6740	7
167.6870	5
167.7000	3
167.7130	2
167.7260	7
167.7390	5
167.7520	8
167.7650	5
167.7780	6
167.7910	4
167.8040	6
167.8170	4
167.8300	6
167.8430	4
167.8560	10
167.8690	5
167.8820	5
167.8950	4
167.9080	2
167.9210	2
167.9340	4
167.9470	6
167.9600	4
167.9730	8
167.9860	4
167.9990	7
168.0120	2
168.0250	4
168.0380	7
168.0510	4
168.0640	10
168.0770	6
168.0900	5
168.1030	6
168.1160	8
168.1290	5
168.1420	3
168.1550	3
168.1680	3
168.1810	4
168.1940	5
168.2070	5
168.2200	3
168.2330	5
168.2460	4
168.2590	5
168.2720	9
168.2850	4
168.2980	5
168.3110	1
168.3240	7
168.3370	5
168.3500	3
168.3630	6
168.3760	4
168.3890	2
168.4020	3
168.4150	8
168.4280	3
168.4410	3
168.4540	2
168.4670	5
168.4800	5
168.4930	3
168.5060	5
168.5190	6
168.5320	7
168.5450	2
168.5580	9
168.5710	5
168.5840	6
168.5970	5
168.6100	7
168.6230	5
168.6360	5
168.6490	1
168.6620	2
168.6750	8
168.6880	4
168.7010	4
168.7140	2
168.7270	3
168.7400	3
168.7530	6
168.7660	4
168.7790	1
168.7920	4
168.8050	6
168.8180	6
168.8310	5
168.8440	6
168.8570	6
168.8700	4
168.8830	3
168.8960	5
168.9090	6
168.9220	5
168.9350	4
168.9480	5
168.9610	6
168.9740	7
168.9870	5
169.0000	4
169.0130	4
169.0260	5
169.0390	8
169.0520	6
169.0650	8
169.0780	4
169.0910	4
169.1040	8
169.1170	2
169.1300	3
169.1430	3
169.1560	5
169.1690	9
169.1820	7
169.1950	5
169.2080	9
169.2210	3
169.2340	4
169.2470	6
169.2600	7
169.2730	7
169.2860	3
169.2990	5
169.3120	7
169.3250	3
169.3380	7
169.3510	7
169.3640	3
169.3770	3
169.3900	1
169.4030	7
169.4160	5
169.4290	2
169.4420	5
169.4550	5
169.4680	4
169.4810	9
169.4940	9
169.5070	5
169.5200	8
169.5330	2
169.5460	6
169.5590	5
169.5720	3
169.5850	6
169.5980	1
169.6110	7
169.6240	4
169.6370	9
169.6500	8
169.6630	3
169.6760	3
169.6890	4
169.7020	2
169.7150	4
169.7280	4
169.7410	5
169.7540	3
169.7670	5
169.7800	2
169.7930	3
169.8060	7
169.8190	5
169.8320	5
169.8450	2
169.8580	5
169.8710	7
169.8840	4
169.8970	4
169.9100	7
169.9230	3
169.9360	4
169.9490	2
169.9620	5
169.9750	2
169.9880	8
170.0010	3
170.0140	7
170.0270	6
170.0400	4
170.0530	7
170.0660	9
170.0790	4
170.0920	8
170.1050	9
170.1180	7
170.1310	10
170.1440	7
170.1570	3
170.1700	6
170.1830	4
170.1960	6
170.2090	2
170.2220	2
170.2350	6
170.2480	4
170.2610	1
170.2740	4
170.2870	2
170.3000	4
170.3130	0
170.3260	3
170.3390	1
170.3520	0
170.3650	1
170.3780	1
170.3910	0
170.4040	0
170.4170	2
170.4300	0
170.4430	0
170.4560	1
170.4690	2
170.4820	1
170.4950	1
170.5080	3
170.5210	3
170.5340	3
170.5470	6
170.5600	3
170.5730	6
170.5860	3
170.5990	5
170.6120	5
170.6250	4
170.6380	0
170.6510	2
170.6640	3
170.6770	5
170.6900	4
170.7030	4
170.7160	3
170.7290	3
170.7420	3
170.7550	2
170.7680	3
170.7810	6
170.7940	1
170.8070	2
170.8200	1
170.8330	2
