% ----------------------------- 
%       Aurea Technology      - 
%    ChronoXea - Histogram    - 
% ----------------------------- 
% Date          : 18/12/25
% Time          : 12:18:02
% Channel       : 197905
% Bin width     : 13 ps
%
% Histo data (in ns):
% x    y
122.2260	2
122.2390	1
122.2520	1
122.2650	1
122.2780	0
122.2910	4
122.3040	5
122.3170	1
122.3300	6
122.3430	3
122.3560	2
122.3690	2
122.3820	8
122.3950	4
122.4080	7
122.4210	3
122.4340	6
122.4470	8
122.4600	4
122.4730	5
122.4860	9
122.4990	5
122.5120	3
122.5250	5
122.5380	4
122.5510	3
122.5640	5
122.5770	4
122.5900	7
122.6030	6
122.6160	7
122.6290	4
122.6420	7
122.6550	4
122.6680	2
122.6810	2
122.6940	4
122.7070	2
122.7200	6
122.7330	4
122.7460	5
122.7590	7
122.7720	8
122.7850	3
122.7980	0
122.8110	2
122.8240	1
122.8370	4
122.8500	4
122.8630	5
122.8760	5
122.8890	4
122.9020	3
122.9150	1
122.9280	9
122.9410	1
122.9540	2
122.9670	5
122.9800	4
122.9930	2
123.0060	6
123.0190	6
123.0320	9
123.0450	5
123.0580	1
123.0710	4
123.0840	5
123.0970	3
123.1100	4
123.1230	4
123.1360	1
123.1490	3
123.1620	3
123.1750	2
123.1880	6
123.2010	3
123.2140	4
123.2270	4
123.2400	5
123.2530	6
123.2660	5
123.2790	3
123.2920	7
123.3050	3
123.3180	4
123.3310	1
123.3440	2
123.3570	12
123.3700	10
123.3830	3
123.3960	5
123.4090	8
123.4220	3
123.4350	6
123.4480	7
123.4610	3
123.4740	8
123.4870	7
123.5000	7
123.5130	2
123.5260	8
123.5390	10
123.5520	3
123.5650	7
123.5780	0
123.5910	8
123.6040	3
123.6170	5
123.6300	3
123.6430	5
123.6560	4
123.6690	6
123.6820	7
123.6950	10
123.7080	5
123.7210	3
123.7340	1
123.7470	4
123.7600	8
123.7730	6
123.7860	5
123.7990	9
123.8120	5
123.8250	5
123.8380	6
123.8510	4
123.8640	4
123.8770	4
123.8900	3
123.9030	2
123.9160	2
123.9290	4
123.9420	4
123.9550	6
123.9680	4
123.9810	5
123.9940	3
124.0070	4
124.0200	6
124.0330	6
124.0460	6
124.0590	6
124.0720	9
124.0850	5
124.0980	9
124.1110	3
124.1240	5
124.1370	13
124.1500	3
124.1630	2
124.1760	8
124.1890	4
124.2020	2
124.2150	11
124.2280	8
124.2410	7
124.2540	7
124.2670	3
124.2800	7
124.2930	6
124.3060	3
124.3190	8
124.3320	4
124.3450	3
124.3580	7
124.3710	3
124.3840	3
124.3970	8
124.4100	7
124.4230	2
124.4360	3
124.4490	4
124.4620	3
124.4750	8
124.4880	5
124.5010	7
124.5140	5
124.5270	4
124.5400	6
124.5530	6
124.5660	7
124.5790	2
124.5920	3
124.6050	3
124.6180	4
124.6310	3
124.6440	7
124.6570	3
124.6700	6
124.6830	3
124.6960	2
124.7090	5
124.7220	5
124.7350	6
124.7480	2
124.7610	3
124.7740	2
124.7870	4
124.8000	4
124.8130	6
124.8260	5
124.8390	3
124.8520	7
124.8650	6
124.8780	3
124.8910	7
124.9040	3
124.9170	1
124.9300	6
124.9430	5
124.9560	8
124.9690	6
124.9820	1
124.9950	1
125.0080	2
125.0210	4
125.0340	5
125.0470	6
125.0600	6
125.0730	6
125.0860	8
125.0990	7
125.1120	2
125.1250	7
125.1380	8
125.1510	8
125.1640	5
125.1770	4
125.1900	6
125.2030	7
125.2160	4
125.2290	5
125.2420	5
125.2550	4
125.2680	2
125.2810	5
125.2940	4
125.3070	8
125.3200	6
125.3330	7
125.3460	3
125.3590	4
125.3720	4
125.3850	6
125.3980	3
125.4110	1
125.4240	1
125.4370	2
125.4500	5
125.4630	11
125.4760	2
125.4890	4
125.5020	10
125.5150	5
125.5280	5
125.5410	6
125.5540	5
125.5670	3
125.5800	7
125.5930	10
125.6060	5
125.6190	5
125.6320	6
125.6450	1
125.6580	6
125.6710	4
125.6840	2
125.6970	5
125.7100	4
125.7230	6
125.7360	3
125.7490	4
125.7620	4
125.7750	5
125.7880	2
125.8010	12
125.8140	4
125.8270	3
125.8400	11
125.8530	8
125.8660	5
125.8790	8
125.8920	2
125.9050	7
125.9180	5
125.9310	7
125.9440	2
125.9570	3
125.9700	4
125.9830	3
125.9960	3
126.0090	3
126.0220	5
126.0350	9
126.0480	6
126.0610	3
126.0740	3
126.0870	3
126.1000	5
126.1130	6
126.1260	9
126.1390	2
126.1520	4
126.1650	6
126.1780	4
126.1910	6
126.2040	3
126.2170	3
126.2300	0
126.2430	7
126.2560	5
126.2690	4
126.2820	6
126.2950	6
126.3080	5
126.3210	7
126.3340	8
126.3470	4
126.3600	2
126.3730	3
126.3860	11
126.3990	4
126.4120	3
126.4250	4
126.4380	8
126.4510	3
126.4640	6
126.4770	8
126.4900	11
126.5030	8
126.5160	4
126.5290	4
126.5420	5
126.5550	2
126.5680	3
126.5810	4
126.5940	2
126.6070	7
126.6200	4
126.6330	5
126.6460	4
126.6590	8
126.6720	10
126.6850	5
126.6980	8
126.7110	5
126.7240	5
126.7370	5
126.7500	6
126.7630	4
126.7760	5
126.7890	6
126.8020	4
126.8150	7
126.8280	7
126.8410	6
126.8540	6
126.8670	9
126.8800	3
126.8930	6
126.9060	7
126.9190	4
126.9320	3
126.9450	6
126.9580	4
126.9710	2
126.9840	2
126.9970	2
127.0100	5
127.0230	3
127.0360	1
127.0490	2
127.0620	5
127.0750	5
127.0880	3
127.1010	1
127.1140	9
127.1270	1
127.1400	3
127.1530	6
127.1660	2
127.1790	8
127.1920	6
127.2050	5
127.2180	4
127.2310	3
127.2440	4
127.2570	2
127.2700	3
127.2830	2
127.2960	5
127.3090	4
127.3220	7
127.3350	6
127.3480	8
127.3610	0
127.3740	6
127.3870	4
127.4000	5
127.4130	5
127.4260	3
127.4390	6
127.4520	2
127.4650	4
127.4780	5
127.4910	4
127.5040	7
127.5170	4
127.5300	2
127.5430	3
127.5560	6
127.5690	1
127.5820	4
127.5950	5
127.6080	8
127.6210	4
127.6340	9
127.6470	6
127.6600	4
127.6730	4
127.6860	4
127.6990	4
127.7120	5
127.7250	4
127.7380	2
127.7510	4
127.7640	2
127.7770	5
127.7900	4
127.8030	4
127.8160	7
127.8290	4
127.8420	4
127.8550	1
127.8680	3
127.8810	7
127.8940	5
127.9070	3
127.9200	5
127.9330	6
127.9460	8
127.9590	4
127.9720	3
127.9850	5
127.9980	3
128.0110	5
128.0240	6
128.0370	7
128.0500	2
128.0630	3
128.0760	4
128.0890	6
128.1020	3
128.1150	3
128.1280	5
128.1410	0
128.1540	4
128.1670	8
128.1800	5
128.1930	8
128.2060	9
128.2190	4
128.2320	8
128.2450	8
128.2580	4
128.2710	2
128.2840	4
128.2970	4
128.3100	4
128.3230	5
128.3360	6
128.3490	8
128.3620	3
128.3750	2
128.3880	2
128.4010	3
128.4140	8
128.4270	4
128.4400	3
128.4530	7
128.4660	5
128.4790	4
128.4920	8
128.5050	7
128.5180	2
128.5310	4
128.5440	4
128.5570	5
128.5700	4
128.5830	9
128.5960	6
128.6090	2
128.6220	6
128.6350	4
128.6480	8
128.6610	3
128.6740	6
128.6870	5
128.7000	4
128.7130	9
128.7260	5
128.7390	5
128.7520	3
128.7650	7
128.7780	7
128.7910	6
128.8040	4
128.8170	5
128.8300	7
128.8430	8
128.8560	1
128.8690	7
128.8820	8
128.8950	3
128.9080	3
128.9210	3
128.9340	8
128.9470	5
128.9600	9
128.9730	5
128.9860	7
128.9990	6
129.0120	1
129.0250	4
129.0380	5
129.0510	7
129.0640	8
129.0770	6
129.0900	5
129.1030	6
129.1160	8
129.1290	5
129.1420	4
129.1550	5
129.1680	1
129.1810	2
129.1940	8
129.2070	4
129.2200	6
129.2330	4
129.2460	3
129.2590	4
129.2720	8
129.2850	2
129.2980	2
129.3110	9
129.3240	6
129.3370	5
129.3500	10
129.3630	11
129.3760	5
129.3890	4
129.4020	8
129.4150	7
129.4280	5
129.4410	4
129.4540	7
129.4670	9
129.4800	8
129.4930	4
129.5060	8
129.5190	2
129.5320	6
129.5450	5
129.5580	5
129.5710	5
129.5840	2
129.5970	7
129.6100	7
129.6230	6
129.6360	5
129.6490	4
129.6620	4
129.6750	9
129.6880	11
129.7010	3
129.7140	3
129.7270	5
129.7400	4
129.7530	2
129.7660	4
129.7790	7
129.7920	4
129.8050	6
129.8180	5
129.8310	6
129.8440	9
129.8570	2
129.8700	5
129.8830	6
129.8960	2
129.9090	5
129.9220	5
129.9350	2
129.9480	6
129.9610	5
129.9740	8
129.9870	11
130.0000	4
130.0130	6
130.0260	9
130.0390	4
130.0520	7
130.0650	6
130.0780	5
130.0910	12
130.1040	8
130.1170	2
130.1300	8
130.1430	7
130.1560	5
130.1690	4
130.1820	5
130.1950	5
130.2080	7
130.2210	5
130.2340	6
130.2470	1
130.2600	5
130.2730	6
130.2860	7
130.2990	4
130.3120	6
130.3250	5
130.3380	5
130.3510	6
130.3640	4
130.3770	7
130.3900	5
130.4030	6
130.4160	5
130.4290	3
130.4420	6
130.4550	2
130.4680	8
130.4810	4
130.4940	5
130.5070	4
130.5200	3
130.5330	6
130.5460	6
130.5590	2
130.5720	6
130.5850	3
130.5980	8
130.6110	2
130.6240	5
130.6370	7
130.6500	6
130.6630	2
130.6760	6
130.6890	5
130.7020	4
130.7150	7
130.7280	7
130.7410	6
130.7540	4
130.7670	5
130.7800	4
130.7930	3
130.8060	1
130.8190	3
130.8320	9
130.8450	2
130.8580	8
130.8710	6
130.8840	7
130.8970	2
130.9100	5
130.9230	3
130.9360	5
130.9490	5
130.9620	6
130.9750	3
130.9880	3
131.0010	3
131.0140	4
131.0270	5
131.0400	5
131.0530	6
131.0660	3
131.0790	5
131.0920	4
131.1050	3
131.1180	5
131.1310	1
131.1440	5
131.1570	5
131.1700	6
131.1830	9
131.1960	5
131.2090	7
131.2220	5
131.2350	2
131.2480	11
131.2610	4
131.2740	3
131.2870	8
131.3000	3
131.3130	7
131.3260	6
131.3390	7
131.3520	6
131.3650	3
131.3780	7
131.3910	4
131.4040	5
131.4170	9
131.4300	9
131.4430	5
131.4560	2
131.4690	1
131.4820	10
131.4950	5
131.5080	8
131.5210	6
131.5340	9
131.5470	10
131.5600	6
131.5730	9
131.5860	7
131.5990	8
131.6120	8
131.6250	6
131.6380	5
131.6510	8
131.6640	13
131.6770	4
131.6900	3
131.7030	4
131.7160	4
131.7290	6
131.7420	8
131.7550	9
131.7680	8
131.7810	6
131.7940	9
131.8070	4
131.8200	10
131.8330	6
131.8460	10
131.8590	5
131.8720	8
131.8850	7
131.8980	6
131.9110	8
131.9240	9
131.9370	5
131.9500	6
131.9630	6
131.9760	4
131.9890	5
132.0020	6
132.0150	3
132.0280	2
132.0410	4
132.0540	11
132.0670	11
132.0800	8
132.0930	5
132.1060	6
132.1190	4
132.1320	15
132.1450	4
132.1580	6
132.1710	6
132.1840	9
132.1970	7
132.2100	5
132.2230	5
132.2360	12
132.2490	8
132.2620	12
132.2750	4
132.2880	2
132.3010	2
132.3140	5
132.3270	4
132.3400	7
132.3530	8
132.3660	2
132.3790	8
132.3920	6
132.4050	7
132.4180	5
132.4310	9
132.4440	6
132.4570	9
132.4700	8
132.4830	5
132.4960	4
132.5090	6
132.5220	9
132.5350	11
132.5480	12
132.5610	10
132.5740	5
132.5870	9
132.6000	5
132.6130	6
132.6260	4
132.6390	6
132.6520	6
132.6650	6
132.6780	8
132.6910	7
132.7040	4
132.7170	4
132.7300	9
132.7430	13
132.7560	3
132.7690	3
132.7820	5
132.7950	3
132.8080	8
132.8210	8
132.8340	11
132.8470	6
132.8600	8
132.8730	3
132.8860	3
132.8990	7
132.9120	10
132.9250	5
132.9380	1
132.9510	7
132.9640	8
132.9770	8
132.9900	4
133.0030	5
133.0160	5
133.0290	14
133.0420	3
133.0550	9
133.0680	6
133.0810	4
133.0940	11
133.1070	13
133.1200	10
133.1330	9
133.1460	2
133.1590	10
133.1720	4
133.1850	6
133.1980	6
133.2110	7
133.2240	8
133.2370	9
133.2500	9
133.2630	4
133.2760	7
133.2890	8
133.3020	7
133.3150	5
133.3280	6
133.3410	10
133.3540	5
133.3670	8
133.3800	4
133.3930	4
133.4060	8
133.4190	4
133.4320	6
133.4450	5
133.4580	9
133.4710	5
133.4840	5
133.4970	6
133.5100	9
133.5230	7
133.5360	4
133.5490	8
133.5620	4
133.5750	4
133.5880	6
133.6010	4
133.6140	9
133.6270	5
133.6400	5
133.6530	12
133.6660	6
133.6790	2
133.6920	10
133.7050	5
133.7180	9
133.7310	4
133.7440	13
133.7570	4
133.7700	4
133.7830	5
133.7960	2
133.8090	8
133.8220	6
133.8350	5
133.8480	7
133.8610	8
133.8740	10
133.8870	3
133.9000	13
133.9130	6
133.9260	10
133.9390	5
133.9520	4
133.9650	13
133.9780	14
133.9910	8
134.0040	5
134.0170	10
134.0300	8
134.0430	8
134.0560	7
134.0690	7
134.0820	3
134.0950	9
134.1080	10
134.1210	9
134.1340	11
134.1470	9
134.1600	9
134.1730	9
134.1860	7
134.1990	6
134.2120	6
134.2250	8
134.2380	8
134.2510	9
134.2640	1
134.2770	14
134.2900	9
134.3030	8
134.3160	10
134.3290	6
134.3420	4
134.3550	8
134.3680	6
134.3810	10
134.3940	7
134.4070	6
134.4200	7
134.4330	12
134.4460	5
134.4590	6
134.4720	12
134.4850	4
134.4980	9
134.5110	4
134.5240	11
134.5370	7
134.5500	15
134.5630	9
134.5760	9
134.5890	11
134.6020	7
134.6150	7
134.6280	5
134.6410	8
134.6540	8
134.6670	10
134.6800	12
134.6930	14
134.7060	7
134.7190	6
134.7320	11
134.7450	9
134.7580	12
134.7710	13
134.7840	9
134.7970	11
134.8100	5
134.8230	12
134.8360	9
134.8490	10
134.8620	11
134.8750	9
134.8880	12
134.9010	11
134.9140	9
134.9270	10
134.9400	7
134.9530	7
134.9660	7
134.9790	2
134.9920	8
135.0050	11
135.0180	9
135.0310	11
135.0440	21
135.0570	8
135.0700	9
135.0830	10
135.0960	12
135.1090	6
135.1220	5
135.1350	6
135.1480	12
135.1610	9
135.1740	10
135.1870	10
135.2000	8
135.2130	14
135.2260	8
135.2390	5
135.2520	9
135.2650	2
135.2780	10
135.2910	5
135.3040	10
135.3170	10
135.3300	13
135.3430	15
135.3560	9
135.3690	11
135.3820	5
135.3950	8
135.4080	8
135.4210	6
135.4340	10
135.4470	6
135.4600	5
135.4730	8
135.4860	10
135.4990	5
135.5120	11
135.5250	9
135.5380	9
135.5510	14
135.5640	6
135.5770	9
135.5900	7
135.6030	9
135.6160	7
135.6290	12
135.6420	9
135.6550	6
135.6680	10
135.6810	10
135.6940	6
135.7070	9
135.7200	8
135.7330	8
135.7460	9
135.7590	6
135.7720	9
135.7850	8
135.7980	9
135.8110	7
135.8240	6
135.8370	5
135.8500	7
135.8630	9
135.8760	8
135.8890	11
135.9020	10
135.9150	1
135.9280	11
135.9410	7
135.9540	5
135.9670	8
135.9800	12
135.9930	6
136.0060	8
136.0190	6
136.0320	10
136.0450	8
136.0580	8
136.0710	15
136.0840	10
136.0970	6
136.1100	7
136.1230	6
136.1360	10
136.1490	5
136.1620	6
136.1750	6
136.1880	7
136.2010	9
136.2140	6
136.2270	7
136.2400	6
136.2530	6
136.2660	5
136.2790	7
136.2920	8
136.3050	6
136.3180	6
136.3310	3
136.3440	0
136.3570	7
136.3700	5
136.3830	10
136.3960	6
136.4090	8
136.4220	6
136.4350	4
136.4480	4
136.4610	5
136.4740	4
136.4870	8
136.5000	5
136.5130	4
136.5260	4
136.5390	0
136.5520	7
136.5650	5
136.5780	3
136.5910	5
136.6040	8
136.6170	8
136.6300	5
136.6430	4
136.6560	5
136.6690	1
136.6820	3
136.6950	7
136.7080	5
136.7210	5
136.7340	4
136.7470	6
136.7600	10
136.7730	5
136.7860	5
136.7990	3
136.8120	6
136.8250	8
136.8380	6
136.8510	5
136.8640	5
136.8770	5
136.8900	5
136.9030	6
136.9160	6
136.9290	7
136.9420	4
136.9550	7
136.9680	5
136.9810	5
136.9940	3
137.0070	5
137.0200	7
137.0330	4
137.0460	5
137.0590	3
137.0720	4
137.0850	1
137.0980	5
137.1110	6
137.1240	10
137.1370	5
137.1500	11
137.1630	9
137.1760	8
137.1890	14
137.2020	9
137.2150	11
137.2280	9
137.2410	7
137.2540	10
137.2670	7
137.2800	6
137.2930	10
137.3060	6
137.3190	6
137.3320	4
137.3450	8
137.3580	11
137.3710	6
137.3840	15
137.3970	9
137.4100	8
137.4230	7
137.4360	8
137.4490	13
137.4620	8
137.4750	7
137.4880	8
137.5010	5
137.5140	6
137.5270	4
137.5400	6
137.5530	11
137.5660	8
137.5790	9
137.5920	10
137.6050	16
137.6180	12
137.6310	8
137.6440	7
137.6570	12
137.6700	13
137.6830	14
137.6960	9
137.7090	12
137.7220	9
137.7350	8
137.7480	10
137.7610	16
137.7740	12
137.7870	15
137.8000	18
137.8130	12
137.8260	15
137.8390	10
137.8520	12
137.8650	12
137.8780	14
137.8910	11
137.9040	13
137.9170	26
137.9300	11
137.9430	14
137.9560	18
137.9690	19
137.9820	13
137.9950	15
138.0080	21
138.0210	22
138.0340	16
138.0470	17
138.0600	19
138.0730	16
138.0860	12
138.0990	20
138.1120	21
138.1250	24
138.1380	17
138.1510	30
138.1640	23
138.1770	22
138.1900	22
138.2030	20
138.2160	26
138.2290	25
138.2420	23
138.2550	24
138.2680	21
138.2810	35
138.2940	22
138.3070	26
138.3200	18
138.3330	22
138.3460	38
138.3590	31
138.3720	36
138.3850	27
138.3980	21
138.4110	34
138.4240	27
138.4370	25
138.4500	20
138.4630	32
138.4760	39
138.4890	27
138.5020	37
138.5150	16
138.5280	29
138.5410	45
138.5540	34
138.5670	32
138.5800	27
138.5930	38
138.6060	27
138.6190	37
138.6320	38
138.6450	35
138.6580	37
138.6710	37
138.6840	35
138.6970	37
138.7100	40
138.7230	31
138.7360	32
138.7490	48
138.7620	42
138.7750	37
138.7880	52
138.8010	43
138.8140	53
138.8270	31
138.8400	47
138.8530	44
138.8660	36
138.8790	35
138.8920	53
138.9050	52
138.9180	38
138.9310	38
138.9440	40
138.9570	49
138.9700	38
138.9830	41
138.9960	46
139.0090	42
139.0220	47
139.0350	51
139.0480	54
139.0610	66
139.0740	41
139.0870	55
139.1000	64
139.1130	41
139.1260	59
139.1390	48
139.1520	50
139.1650	50
139.1780	54
139.1910	60
139.2040	58
139.2170	49
139.2300	48
139.2430	49
139.2560	57
139.2690	53
139.2820	70
139.2950	48
139.3080	59
139.3210	63
139.3340	58
139.3470	55
139.3600	80
139.3730	54
139.3860	72
139.3990	70
139.4120	58
139.4250	77
139.4380	52
139.4510	62
139.4640	72
139.4770	79
139.4900	55
139.5030	82
139.5160	69
139.5290	75
139.5420	75
139.5550	69
139.5680	71
139.5810	65
139.5940	69
139.6070	73
139.6200	67
139.6330	67
139.6460	75
139.6590	47
139.6720	72
139.6850	62
139.6980	75
139.7110	75
139.7240	74
139.7370	61
139.7500	74
139.7630	79
139.7760	80
139.7890	68
139.8020	81
139.8150	77
139.8280	92
139.8410	82
139.8540	79
139.8670	63
139.8800	89
139.8930	63
139.9060	86
139.9190	69
139.9320	84
139.9450	84
139.9580	87
139.9710	75
139.9840	88
139.9970	91
140.0100	72
140.0230	61
140.0360	88
140.0490	81
140.0620	85
140.0750	93
140.0880	74
140.1010	94
140.1140	88
140.1270	75
140.1400	96
140.1530	85
140.1660	99
140.1790	102
140.1920	97
140.2050	96
140.2180	111
140.2310	81
140.2440	112
140.2570	95
140.2700	76
140.2830	87
140.2960	86
140.3090	88
140.3220	103
140.3350	90
140.3480	114
140.3610	105
140.3740	93
140.3870	117
140.4000	103
140.4130	105
140.4260	105
140.4390	118
140.4520	109
140.4650	114
140.4780	103
140.4910	99
140.5040	121
140.5170	119
140.5300	137
140.5430	96
140.5560	116
140.5690	110
140.5820	107
140.5950	137
140.6080	102
140.6210	93
140.6340	111
140.6470	102
140.6600	123
140.6730	111
140.6860	87
140.6990	106
140.7120	104
140.7250	109
140.7380	99
140.7510	102
140.7640	115
140.7770	110
140.7900	110
140.8030	112
140.8160	108
140.8290	109
140.8420	95
140.8550	85
140.8680	141
140.8810	106
140.8940	109
140.9070	96
140.9200	125
140.9330	122
140.9460	106
140.9590	113
140.9720	109
140.9850	100
140.9980	101
141.0110	99
141.0240	110
141.0370	113
141.0500	103
141.0630	116
141.0760	116
141.0890	87
141.1020	115
141.1150	100
141.1280	110
141.1410	90
141.1540	108
141.1670	116
141.1800	117
141.1930	129
141.2060	94
141.2190	110
141.2320	116
141.2450	104
141.2580	107
141.2710	124
141.2840	132
141.2970	112
141.3100	124
141.3230	120
141.3360	118
141.3490	113
141.3620	117
141.3750	119
141.3880	98
141.4010	124
141.4140	92
141.4270	113
141.4400	103
141.4530	117
141.4660	112
141.4790	114
141.4920	135
141.5050	114
141.5180	116
141.5310	100
141.5440	106
141.5570	122
141.5700	108
141.5830	104
141.5960	108
141.6090	103
141.6220	100
141.6350	116
141.6480	110
141.6610	100
141.6740	95
141.6870	108
141.7000	131
141.7130	96
141.7260	93
141.7390	95
141.7520	99
141.7650	112
141.7780	113
141.7910	101
141.8040	109
141.8170	95
141.8300	106
141.8430	91
141.8560	100
141.8690	102
141.8820	104
141.8950	109
141.9080	102
141.9210	97
141.9340	100
141.9470	91
141.9600	107
141.9730	101
141.9860	91
141.9990	101
142.0120	119
142.0250	85
142.0380	86
142.0510	92
142.0640	92
142.0770	105
142.0900	81
142.1030	107
142.1160	88
142.1290	99
142.1420	78
142.1550	90
142.1680	113
142.1810	98
142.1940	100
142.2070	80
142.2200	96
142.2330	97
142.2460	80
142.2590	95
142.2720	80
142.2850	92
142.2980	73
142.3110	73
142.3240	73
142.3370	75
142.3500	85
142.3630	87
142.3760	98
142.3890	72
142.4020	87
142.4150	77
142.4280	76
142.4410	73
142.4540	78
142.4670	73
142.4800	81
142.4930	63
142.5060	72
142.5190	74
142.5320	49
142.5450	68
142.5580	80
142.5710	69
142.5840	65
142.5970	71
142.6100	67
142.6230	70
142.6360	52
142.6490	77
142.6620	56
142.6750	62
142.6880	54
142.7010	75
142.7140	66
142.7270	62
142.7400	68
142.7530	57
142.7660	59
142.7790	54
142.7920	58
142.8050	39
142.8180	62
142.8310	54
142.8440	56
142.8570	57
142.8700	43
142.8830	55
142.8960	39
142.9090	47
142.9220	39
142.9350	57
142.9480	42
142.9610	48
142.9740	48
142.9870	53
143.0000	36
143.0130	31
143.0260	46
143.0390	50
143.0520	36
143.0650	32
143.0780	43
143.0910	39
143.1040	36
143.1170	38
143.1300	31
143.1430	53
143.1560	28
143.1690	27
143.1820	28
143.1950	41
143.2080	28
143.2210	21
143.2340	29
143.2470	27
143.2600	30
143.2730	21
143.2860	27
143.2990	29
143.3120	37
143.3250	22
143.3380	25
143.3510	28
143.3640	20
143.3770	22
143.3900	34
143.4030	16
143.4160	23
143.4290	16
143.4420	10
143.4550	12
143.4680	20
143.4810	15
143.4940	14
143.5070	20
143.5200	22
143.5330	13
143.5460	17
143.5590	8
143.5720	17
143.5850	18
143.5980	15
143.6110	16
143.6240	15
143.6370	13
143.6500	17
143.6630	7
143.6760	15
143.6890	11
143.7020	7
143.7150	20
143.7280	13
143.7410	10
143.7540	10
143.7670	8
143.7800	14
143.7930	12
143.8060	11
143.8190	9
143.8320	13
143.8450	5
143.8580	6
143.8710	7
143.8840	9
143.8970	6
143.9100	10
143.9230	11
143.9360	12
143.9490	10
143.9620	7
143.9750	10
143.9880	4
144.0010	5
144.0140	9
144.0270	3
144.0400	8
144.0530	8
144.0660	3
144.0790	7
144.0920	5
144.1050	9
144.1180	5
144.1310	6
144.1440	13
144.1570	11
144.1700	4
144.1830	8
144.1960	5
144.2090	11
144.2220	4
144.2350	8
144.2480	10
144.2610	8
144.2740	13
144.2870	13
144.3000	4
144.3130	11
144.3260	7
144.3390	6
144.3520	12
144.3650	11
144.3780	8
144.3910	11
144.4040	12
144.4170	7
144.4300	13
144.4430	13
144.4560	13
144.4690	9
144.4820	13
144.4950	8
144.5080	14
144.5210	10
144.5340	12
144.5470	17
144.5600	15
144.5730	15
144.5860	11
144.5990	14
144.6120	10
144.6250	14
144.6380	17
144.6510	15
144.6640	11
144.6770	12
144.6900	24
144.7030	12
144.7160	16
144.7290	18
144.7420	21
144.7550	17
144.7680	20
144.7810	11
144.7940	16
144.8070	26
144.8200	22
144.8330	28
144.8460	19
144.8590	17
144.8720	18
144.8850	22
144.8980	19
144.9110	17
144.9240	21
144.9370	11
144.9500	18
144.9630	22
144.9760	23
144.9890	27
145.0020	18
145.0150	19
145.0280	24
145.0410	18
145.0540	23
145.0670	20
145.0800	22
145.0930	20
145.1060	21
145.1190	19
145.1320	26
145.1450	26
145.1580	33
145.1710	28
145.1840	25
145.1970	27
145.2100	22
145.2230	25
145.2360	28
145.2490	21
145.2620	33
145.2750	29
145.2880	23
145.3010	27
145.3140	26
145.3270	30
145.3400	39
145.3530	23
145.3660	19
145.3790	23
145.3920	28
145.4050	28
145.4180	26
145.4310	27
145.4440	23
145.4570	22
145.4700	26
145.4830	30
145.4960	29
145.5090	30
145.5220	38
145.5350	31
145.5480	27
145.5610	40
145.5740	26
145.5870	28
145.6000	30
145.6130	29
145.6260	30
145.6390	25
145.6520	29
145.6650	23
145.6780	30
145.6910	22
145.7040	33
145.7170	24
145.7300	29
145.7430	36
145.7560	23
145.7690	29
145.7820	29
145.7950	29
145.8080	23
145.8210	37
145.8340	31
145.8470	20
145.8600	36
145.8730	24
145.8860	32
145.8990	28
145.9120	25
145.9250	26
145.9380	26
145.9510	29
145.9640	27
145.9770	38
145.9900	25
146.0030	29
146.0160	31
146.0290	29
146.0420	21
146.0550	24
146.0680	37
146.0810	28
146.0940	14
146.1070	28
146.1200	20
146.1330	29
146.1460	29
146.1590	17
146.1720	25
146.1850	18
146.1980	28
146.2110	32
146.2240	28
146.2370	20
146.2500	27
146.2630	28
146.2760	26
146.2890	29
146.3020	31
146.3150	25
146.3280	29
146.3410	24
146.3540	28
146.3670	17
146.3800	18
146.3930	22
146.4060	21
146.4190	15
146.4320	27
146.4450	33
146.4580	24
146.4710	19
146.4840	22
146.4970	16
146.5100	18
146.5230	21
146.5360	29
146.5490	25
146.5620	17
146.5750	20
146.5880	21
146.6010	23
146.6140	16
146.6270	21
146.6400	30
146.6530	18
146.6660	16
146.6790	23
146.6920	18
146.7050	24
146.7180	16
146.7310	16
146.7440	21
146.7570	17
146.7700	23
146.7830	25
146.7960	27
146.8090	10
146.8220	15
146.8350	16
146.8480	28
146.8610	16
146.8740	14
146.8870	22
146.9000	16
146.9130	17
146.9260	26
146.9390	15
146.9520	17
146.9650	12
146.9780	15
146.9910	23
147.0040	13
147.0170	8
147.0300	9
147.0430	11
147.0560	16
147.0690	21
147.0820	22
147.0950	22
147.1080	14
147.1210	13
147.1340	14
147.1470	16
147.1600	20
147.1730	14
147.1860	17
147.1990	18
147.2120	15
147.2250	13
147.2380	16
147.2510	11
147.2640	12
147.2770	16
147.2900	12
147.3030	17
147.3160	13
147.3290	11
147.3420	21
147.3550	15
147.3680	8
147.3810	14
147.3940	15
147.4070	13
147.4200	15
147.4330	12
147.4460	13
147.4590	15
147.4720	16
147.4850	13
147.4980	9
147.5110	10
147.5240	14
147.5370	15
147.5500	13
147.5630	10
147.5760	8
147.5890	20
147.6020	10
147.6150	5
147.6280	11
147.6410	13
147.6540	11
147.6670	10
147.6800	11
147.6930	9
147.7060	15
147.7190	9
147.7320	9
147.7450	11
147.7580	13
147.7710	10
147.7840	12
147.7970	17
147.8100	13
147.8230	12
147.8360	16
147.8490	7
147.8620	9
147.8750	13
147.8880	13
147.9010	19
147.9140	15
147.9270	10
147.9400	12
147.9530	17
147.9660	19
147.9790	13
147.9920	13
148.0050	9
148.0180	13
148.0310	11
148.0440	12
148.0570	21
148.0700	21
148.0830	11
148.0960	19
148.1090	19
148.1220	9
148.1350	12
148.1480	15
148.1610	9
148.1740	18
148.1870	23
148.2000	24
148.2130	15
148.2260	14
148.2390	16
148.2520	15
148.2650	16
148.2780	13
148.2910	18
148.3040	18
148.3170	21
148.3300	24
148.3430	26
148.3560	19
148.3690	12
148.3820	11
148.3950	16
148.4080	22
148.4210	8
148.4340	19
148.4470	15
148.4600	14
148.4730	14
148.4860	19
148.4990	19
148.5120	18
148.5250	18
148.5380	11
148.5510	11
148.5640	15
148.5770	15
148.5900	22
148.6030	20
148.6160	13
148.6290	21
148.6420	19
148.6550	23
148.6680	12
148.6810	17
148.6940	25
148.7070	12
148.7200	13
148.7330	13
148.7460	17
148.7590	17
148.7720	13
148.7850	15
148.7980	19
148.8110	19
148.8240	18
148.8370	18
148.8500	17
148.8630	9
148.8760	19
148.8890	22
148.9020	12
148.9150	14
148.9280	23
148.9410	18
148.9540	15
148.9670	12
148.9800	14
148.9930	11
149.0060	14
149.0190	21
149.0320	16
149.0450	13
149.0580	13
149.0710	13
149.0840	19
149.0970	9
149.1100	15
149.1230	15
149.1360	17
149.1490	12
149.1620	15
149.1750	9
149.1880	12
149.2010	9
149.2140	12
149.2270	17
149.2400	14
149.2530	18
149.2660	5
149.2790	17
149.2920	13
149.3050	20
149.3180	15
149.3310	16
149.3440	14
149.3570	15
149.3700	13
149.3830	13
149.3960	17
149.4090	16
149.4220	13
149.4350	10
149.4480	11
149.4610	8
149.4740	10
149.4870	15
149.5000	8
149.5130	10
149.5260	11
149.5390	10
149.5520	13
149.5650	13
149.5780	9
149.5910	9
149.6040	25
149.6170	9
149.6300	12
149.6430	10
149.6560	12
149.6690	14
149.6820	15
149.6950	15
149.7080	11
149.7210	13
149.7340	14
149.7470	19
149.7600	24
149.7730	14
149.7860	10
149.7990	5
149.8120	11
149.8250	11
149.8380	12
149.8510	7
149.8640	9
149.8770	15
149.8900	11
149.9030	10
149.9160	12
149.9290	8
149.9420	8
149.9550	10
149.9680	15
149.9810	11
149.9940	13
150.0070	11
150.0200	14
150.0330	8
150.0460	11
150.0590	9
150.0720	12
150.0850	8
150.0980	10
150.1110	11
150.1240	13
150.1370	11
150.1500	8
150.1630	6
150.1760	4
150.1890	9
150.2020	9
150.2150	8
150.2280	10
150.2410	12
150.2540	6
150.2670	11
150.2800	11
150.2930	8
150.3060	3
150.3190	14
150.3320	6
150.3450	11
150.3580	9
150.3710	10
150.3840	6
150.3970	5
150.4100	5
150.4230	7
150.4360	11
150.4490	6
150.4620	5
150.4750	5
150.4880	13
150.5010	9
150.5140	8
150.5270	10
150.5400	8
150.5530	4
150.5660	8
150.5790	5
150.5920	8
150.6050	6
150.6180	5
150.6310	11
150.6440	8
150.6570	11
150.6700	10
150.6830	5
150.6960	8
150.7090	10
150.7220	18
150.7350	9
150.7480	12
150.7610	6
150.7740	8
150.7870	13
150.8000	10
150.8130	6
150.8260	9
150.8390	15
150.8520	10
150.8650	9
150.8780	10
150.8910	12
150.9040	9
150.9170	10
150.9300	11
150.9430	5
150.9560	5
150.9690	8
150.9820	9
150.9950	8
151.0080	12
151.0210	7
151.0340	8
151.0470	10
151.0600	12
151.0730	7
151.0860	7
151.0990	8
151.1120	7
151.1250	9
151.1380	11
151.1510	14
151.1640	13
151.1770	8
151.1900	6
151.2030	8
151.2160	8
151.2290	6
151.2420	10
151.2550	1
151.2680	7
151.2810	10
151.2940	13
151.3070	14
151.3200	11
151.3330	15
151.3460	13
151.3590	8
151.3720	15
151.3850	14
151.3980	11
151.4110	12
151.4240	13
151.4370	7
151.4500	8
151.4630	9
151.4760	15
151.4890	8
151.5020	14
151.5150	15
151.5280	8
151.5410	16
151.5540	8
151.5670	14
151.5800	11
151.5930	12
151.6060	7
151.6190	11
151.6320	9
151.6450	5
151.6580	8
151.6710	5
151.6840	11
151.6970	11
151.7100	7
151.7230	5
151.7360	11
151.7490	10
151.7620	11
151.7750	9
151.7880	16
151.8010	10
151.8140	7
151.8270	11
151.8400	15
151.8530	7
151.8660	4
151.8790	5
151.8920	9
151.9050	12
151.9180	8
151.9310	18
151.9440	12
151.9570	1
151.9700	10
151.9830	11
151.9960	8
152.0090	10
152.0220	5
152.0350	9
152.0480	7
152.0610	11
152.0740	12
152.0870	10
152.1000	9
152.1130	8
152.1260	11
152.1390	7
152.1520	7
152.1650	11
152.1780	6
152.1910	14
152.2040	11
152.2170	4
152.2300	9
152.2430	5
152.2560	7
152.2690	6
152.2820	10
152.2950	13
152.3080	10
152.3210	8
152.3340	2
152.3470	5
152.3600	8
152.3730	11
152.3860	9
152.3990	12
152.4120	7
152.4250	7
152.4380	7
152.4510	10
152.4640	4
152.4770	5
152.4900	7
152.5030	10
152.5160	9
152.5290	9
152.5420	11
152.5550	5
152.5680	5
152.5810	9
152.5940	9
152.6070	7
152.6200	9
152.6330	5
152.6460	6
152.6590	6
152.6720	12
152.6850	10
152.6980	15
152.7110	6
152.7240	14
152.7370	3
152.7500	8
152.7630	9
152.7760	7
152.7890	11
152.8020	5
152.8150	6
152.8280	4
152.8410	8
152.8540	5
152.8670	7
152.8800	7
152.8930	4
152.9060	4
152.9190	3
152.9320	5
152.9450	11
152.9580	6
152.9710	5
152.9840	4
152.9970	7
153.0100	5
153.0230	5
153.0360	3
153.0490	10
153.0620	6
153.0750	7
153.0880	2
153.1010	3
153.1140	8
153.1270	2
153.1400	7
153.1530	3
153.1660	7
153.1790	9
153.1920	8
153.2050	6
153.2180	7
153.2310	3
153.2440	3
153.2570	3
153.2700	4
153.2830	7
153.2960	5
153.3090	4
153.3220	3
153.3350	1
153.3480	8
153.3610	7
153.3740	4
153.3870	12
153.4000	5
153.4130	3
153.4260	2
153.4390	7
153.4520	3
153.4650	6
153.4780	4
153.4910	2
153.5040	7
153.5170	4
153.5300	9
153.5430	8
153.5560	6
153.5690	6
153.5820	2
153.5950	9
153.6080	10
153.6210	5
153.6340	4
153.6470	5
153.6600	6
153.6730	6
153.6860	2
153.6990	3
153.7120	10
153.7250	5
153.7380	9
153.7510	2
153.7640	8
153.7770	6
153.7900	6
153.8030	4
153.8160	4
153.8290	4
153.8420	3
153.8550	3
153.8680	10
153.8810	6
153.8940	9
153.9070	5
153.9200	6
153.9330	7
153.9460	10
153.9590	2
153.9720	7
153.9850	5
153.9980	4
154.0110	6
154.0240	3
154.0370	3
154.0500	3
154.0630	6
154.0760	6
154.0890	7
154.1020	3
154.1150	9
154.1280	14
154.1410	7
154.1540	7
154.1670	4
154.1800	5
154.1930	7
154.2060	3
154.2190	4
154.2320	4
154.2450	7
154.2580	6
154.2710	7
154.2840	6
154.2970	2
154.3100	4
154.3230	3
154.3360	2
154.3490	2
154.3620	12
154.3750	4
154.3880	2
154.4010	11
154.4140	5
154.4270	3
154.4400	7
154.4530	6
154.4660	5
154.4790	3
154.4920	3
154.5050	7
154.5180	4
154.5310	5
154.5440	5
154.5570	4
154.5700	3
154.5830	6
154.5960	5
154.6090	7
154.6220	5
154.6350	9
154.6480	2
154.6610	6
154.6740	3
154.6870	7
154.7000	6
154.7130	4
154.7260	4
154.7390	11
154.7520	10
154.7650	6
154.7780	4
154.7910	5
154.8040	5
154.8170	8
154.8300	4
154.8430	2
154.8560	5
154.8690	4
154.8820	4
154.8950	6
154.9080	5
154.9210	2
154.9340	6
154.9470	6
154.9600	1
154.9730	7
154.9860	6
154.9990	7
155.0120	6
155.0250	6
155.0380	4
155.0510	7
155.0640	5
155.0770	6
155.0900	5
155.1030	5
155.1160	6
155.1290	3
155.1420	4
155.1550	2
155.1680	7
155.1810	6
155.1940	4
155.2070	1
155.2200	8
155.2330	4
155.2460	6
155.2590	6
155.2720	4
155.2850	5
155.2980	4
155.3110	9
155.3240	5
155.3370	3
155.3500	3
155.3630	5
155.3760	4
155.3890	5
155.4020	2
155.4150	6
155.4280	6
155.4410	4
155.4540	5
155.4670	3
155.4800	6
155.4930	4
155.5060	2
155.5190	4
155.5320	4
155.5450	8
155.5580	5
155.5710	6
155.5840	4
155.5970	6
155.6100	7
155.6230	5
155.6360	7
155.6490	1
155.6620	3
155.6750	4
155.6880	7
155.7010	6
155.7140	7
155.7270	5
155.7400	6
155.7530	4
155.7660	1
155.7790	2
155.7920	5
155.8050	7
155.8180	7
155.8310	4
155.8440	6
155.8570	4
155.8700	5
155.8830	5
155.8960	4
155.9090	1
155.9220	7
155.9350	6
155.9480	3
155.9610	4
155.9740	4
155.9870	3
156.0000	4
156.0130	5
156.0260	5
156.0390	4
156.0520	5
156.0650	3
156.0780	4
156.0910	5
156.1040	7
156.1170	6
156.1300	8
156.1430	4
156.1560	3
156.1690	5
156.1820	3
156.1950	10
156.2080	1
156.2210	2
156.2340	6
156.2470	8
156.2600	8
156.2730	6
156.2860	4
156.2990	5
156.3120	4
156.3250	6
156.3380	6
156.3510	2
156.3640	4
156.3770	4
156.3900	6
156.4030	5
156.4160	7
156.4290	3
156.4420	6
156.4550	2
156.4680	4
156.4810	4
156.4940	4
156.5070	8
156.5200	5
156.5330	7
156.5460	5
156.5590	8
156.5720	7
156.5850	3
156.5980	6
156.6110	4
156.6240	5
156.6370	5
156.6500	5
156.6630	3
156.6760	7
156.6890	6
156.7020	7
156.7150	7
156.7280	5
156.7410	4
156.7540	5
156.7670	7
156.7800	6
156.7930	7
156.8060	6
156.8190	9
156.8320	3
156.8450	5
156.8580	8
156.8710	5
156.8840	7
156.8970	7
156.9100	3
156.9230	3
156.9360	2
156.9490	3
156.9620	6
156.9750	6
156.9880	5
157.0010	1
157.0140	5
157.0270	5
157.0400	9
157.0530	8
157.0660	11
157.0790	5
157.0920	8
157.1050	3
157.1180	4
157.1310	6
157.1440	3
157.1570	5
157.1700	4
157.1830	2
157.1960	9
157.2090	6
157.2220	1
157.2350	7
157.2480	3
157.2610	5
157.2740	6
157.2870	5
157.3000	7
157.3130	5
157.3260	5
157.3390	2
157.3520	8
157.3650	2
157.3780	7
157.3910	1
157.4040	8
157.4170	5
157.4300	6
157.4430	4
157.4560	7
157.4690	5
157.4820	5
157.4950	9
157.5080	6
157.5210	5
157.5340	4
157.5470	3
157.5600	7
157.5730	4
157.5860	6
157.5990	5
157.6120	7
157.6250	9
157.6380	5
157.6510	6
157.6640	7
157.6770	7
157.6900	8
157.7030	6
157.7160	4
157.7290	5
157.7420	2
157.7550	4
157.7680	7
157.7810	6
157.7940	5
157.8070	6
157.8200	6
157.8330	3
157.8460	3
157.8590	3
157.8720	5
157.8850	1
157.8980	6
157.9110	8
157.9240	4
157.9370	2
157.9500	4
157.9630	7
157.9760	5
157.9890	2
158.0020	6
158.0150	3
158.0280	4
158.0410	2
158.0540	8
158.0670	7
158.0800	5
158.0930	5
158.1060	6
158.1190	5
158.1320	4
158.1450	4
158.1580	6
158.1710	2
158.1840	4
158.1970	5
158.2100	1
158.2230	4
158.2360	5
158.2490	7
158.2620	7
158.2750	5
158.2880	3
158.3010	5
158.3140	4
158.3270	5
158.3400	3
158.3530	2
158.3660	5
158.3790	7
158.3920	6
158.4050	10
158.4180	5
158.4310	8
158.4440	7
158.4570	2
158.4700	7
158.4830	5
158.4960	3
158.5090	3
158.5220	3
158.5350	5
158.5480	4
158.5610	4
158.5740	5
158.5870	4
158.6000	7
158.6130	6
158.6260	3
158.6390	6
158.6520	5
158.6650	6
158.6780	4
158.6910	9
158.7040	7
158.7170	6
158.7300	4
158.7430	1
158.7560	8
158.7690	3
158.7820	3
158.7950	4
158.8080	4
158.8210	6
158.8340	5
158.8470	5
158.8600	4
158.8730	4
158.8860	3
158.8990	8
158.9120	5
158.9250	4
158.9380	3
158.9510	7
158.9640	7
158.9770	3
158.9900	4
159.0030	3
159.0160	3
159.0290	5
159.0420	5
159.0550	1
159.0680	4
159.0810	4
159.0940	9
159.1070	8
159.1200	7
159.1330	3
159.1460	2
159.1590	6
159.1720	5
159.1850	7
159.1980	5
159.2110	4
159.2240	4
159.2370	6
159.2500	4
159.2630	6
159.2760	7
159.2890	5
159.3020	4
159.3150	5
159.3280	5
159.3410	3
159.3540	6
159.3670	5
159.3800	7
159.3930	4
159.4060	6
159.4190	5
159.4320	7
159.4450	4
159.4580	2
159.4710	4
159.4840	5
159.4970	4
159.5100	2
159.5230	4
159.5360	4
159.5490	10
159.5620	6
159.5750	3
159.5880	2
159.6010	6
159.6140	7
159.6270	5
159.6400	7
159.6530	3
159.6660	5
159.6790	2
159.6920	6
159.7050	3
159.7180	4
159.7310	7
159.7440	4
159.7570	9
159.7700	5
159.7830	2
159.7960	5
159.8090	4
159.8220	4
159.8350	7
159.8480	7
159.8610	2
159.8740	5
159.8870	8
159.9000	2
159.9130	8
159.9260	3
159.9390	8
159.9520	4
159.9650	3
159.9780	10
159.9910	5
160.0040	5
160.0170	6
160.0300	7
160.0430	5
160.0560	2
160.0690	10
160.0820	4
160.0950	6
160.1080	1
160.1210	2
160.1340	3
160.1470	7
160.1600	8
160.1730	3
160.1860	7
160.1990	6
160.2120	2
160.2250	6
160.2380	4
160.2510	5
160.2640	8
160.2770	2
160.2900	5
160.3030	4
160.3160	3
160.3290	7
160.3420	3
160.3550	5
160.3680	12
160.3810	6
160.3940	11
160.4070	7
160.4200	4
160.4330	4
160.4460	4
160.4590	5
160.4720	2
160.4850	4
160.4980	8
160.5110	7
160.5240	3
160.5370	5
160.5500	3
160.5630	5
160.5760	8
160.5890	7
160.6020	8
160.6150	3
160.6280	5
160.6410	5
160.6540	4
160.6670	6
160.6800	8
160.6930	2
160.7060	4
160.7190	5
160.7320	3
160.7450	5
160.7580	1
160.7710	3
160.7840	5
160.7970	5
160.8100	3
160.8230	7
160.8360	4
160.8490	9
160.8620	10
160.8750	6
160.8880	3
160.9010	8
160.9140	4
160.9270	6
160.9400	1
160.9530	5
160.9660	7
160.9790	3
160.9920	7
161.0050	8
161.0180	3
161.0310	8
161.0440	3
161.0570	4
161.0700	4
161.0830	5
161.0960	7
161.1090	4
161.1220	4
161.1350	5
161.1480	2
161.1610	6
161.1740	3
161.1870	8
161.2000	3
161.2130	5
161.2260	3
161.2390	8
161.2520	6
161.2650	8
161.2780	4
161.2910	3
161.3040	2
161.3170	4
161.3300	5
161.3430	5
161.3560	1
161.3690	2
161.3820	4
161.3950	2
161.4080	3
161.4210	0
161.4340	3
161.4470	7
161.4600	6
161.4730	10
161.4860	5
161.4990	6
161.5120	3
161.5250	6
161.5380	5
161.5510	4
161.5640	8
161.5770	4
161.5900	2
161.6030	7
161.6160	2
161.6290	5
161.6420	7
161.6550	4
161.6680	8
161.6810	3
161.6940	11
161.7070	1
161.7200	5
161.7330	4
161.7460	1
161.7590	2
161.7720	4
161.7850	4
161.7980	6
161.8110	7
161.8240	7
161.8370	4
161.8500	4
161.8630	5
161.8760	4
161.8890	4
161.9020	4
161.9150	5
161.9280	2
161.9410	5
161.9540	6
161.9670	4
161.9800	5
161.9930	7
162.0060	7
162.0190	4
162.0320	4
162.0450	5
162.0580	3
162.0710	7
162.0840	7
162.0970	5
162.1100	8
162.1230	8
162.1360	3
162.1490	3
162.1620	4
162.1750	3
162.1880	5
162.2010	3
162.2140	3
162.2270	5
162.2400	6
162.2530	2
162.2660	5
162.2790	4
162.2920	7
162.3050	5
162.3180	7
162.3310	0
162.3440	4
162.3570	5
162.3700	9
162.3830	7
162.3960	4
162.4090	8
162.4220	4
162.4350	7
162.4480	4
162.4610	6
162.4740	6
162.4870	2
162.5000	8
162.5130	7
162.5260	3
162.5390	5
162.5520	4
162.5650	8
162.5780	6
162.5910	2
162.6040	8
162.6170	3
162.6300	5
162.6430	11
162.6560	3
162.6690	4
162.6820	4
162.6950	5
162.7080	6
162.7210	6
162.7340	4
162.7470	5
162.7600	9
162.7730	1
162.7860	5
162.7990	8
162.8120	7
162.8250	4
162.8380	4
162.8510	3
162.8640	5
162.8770	4
162.8900	2
162.9030	7
162.9160	5
162.9290	5
162.9420	4
162.9550	3
162.9680	2
162.9810	3
162.9940	2
163.0070	6
163.0200	8
163.0330	4
163.0460	1
163.0590	3
163.0720	3
163.0850	4
163.0980	2
163.1110	4
163.1240	1
163.1370	5
163.1500	0
163.1630	2
163.1760	4
163.1890	3
163.2020	2
163.2150	3
163.2280	0
163.2410	7
163.2540	4
163.2670	3
163.2800	3
163.2930	6
163.3060	1
163.3190	1
163.3320	6
163.3450	7
163.3580	4
163.3710	5
163.3840	2
163.3970	8
163.4100	8
163.4230	6
163.4360	4
163.4490	6
163.4620	6
163.4750	3
163.4880	4
163.5010	4
163.5140	7
163.5270	7
163.5400	4
163.5530	3
163.5660	4
163.5790	3
163.5920	3
163.6050	3
163.6180	4
163.6310	5
163.6440	3
163.6570	5
163.6700	2
163.6830	5
163.6960	6
163.7090	1
163.7220	4
163.7350	10
163.7480	7
163.7610	4
163.7740	7
163.7870	4
163.8000	8
163.8130	4
163.8260	10
163.8390	3
163.8520	3
163.8650	4
163.8780	6
163.8910	4
163.9040	4
163.9170	7
163.9300	2
163.9430	1
163.9560	6
163.9690	3
163.9820	3
163.9950	4
164.0080	4
164.0210	6
164.0340	3
164.0470	3
164.0600	4
164.0730	3
164.0860	3
164.0990	3
164.1120	5
164.1250	4
164.1380	5
164.1510	8
164.1640	4
164.1770	2
164.1900	5
164.2030	6
164.2160	6
164.2290	3
164.2420	4
164.2550	5
164.2680	4
164.2810	2
164.2940	6
164.3070	7
164.3200	9
164.3330	5
164.3460	2
164.3590	0
164.3720	1
164.3850	7
164.3980	6
164.4110	1
164.4240	8
164.4370	6
164.4500	6
164.4630	4
164.4760	7
164.4890	7
164.5020	3
164.5150	3
164.5280	8
164.5410	5
164.5540	8
164.5670	3
164.5800	5
164.5930	6
164.6060	5
164.6190	5
164.6320	2
164.6450	6
164.6580	7
164.6710	6
164.6840	8
164.6970	7
164.7100	6
164.7230	5
164.7360	5
164.7490	3
164.7620	2
164.7750	4
164.7880	4
164.8010	7
164.8140	4
164.8270	6
164.8400	6
164.8530	8
164.8660	5
164.8790	3
164.8920	2
164.9050	4
164.9180	5
164.9310	4
164.9440	3
164.9570	9
164.9700	6
164.9830	5
164.9960	9
165.0090	9
165.0220	5
165.0350	2
165.0480	1
165.0610	4
165.0740	2
165.0870	4
165.1000	7
165.1130	9
165.1260	3
165.1390	3
165.1520	4
165.1650	6
165.1780	8
165.1910	6
165.2040	6
165.2170	6
165.2300	5
165.2430	5
165.2560	2
165.2690	3
165.2820	5
165.2950	7
165.3080	4
165.3210	4
165.3340	10
165.3470	3
165.3600	1
165.3730	4
165.3860	3
165.3990	4
165.4120	7
165.4250	9
165.4380	10
165.4510	4
165.4640	2
165.4770	2
165.4900	1
165.5030	3
165.5160	4
165.5290	5
165.5420	6
165.5550	4
165.5680	4
165.5810	6
165.5940	7
165.6070	4
165.6200	5
165.6330	4
165.6460	4
165.6590	2
165.6720	2
165.6850	6
165.6980	10
165.7110	6
165.7240	1
165.7370	6
165.7500	6
165.7630	8
165.7760	4
165.7890	5
165.8020	3
165.8150	6
165.8280	6
165.8410	5
165.8540	3
165.8670	3
165.8800	7
165.8930	3
165.9060	3
165.9190	6
165.9320	2
165.9450	4
165.9580	6
165.9710	8
165.9840	6
165.9970	4
166.0100	3
166.0230	6
166.0360	5
166.0490	4
166.0620	3
166.0750	2
166.0880	2
166.1010	4
166.1140	5
166.1270	6
166.1400	9
166.1530	4
166.1660	5
166.1790	1
166.1920	7
166.2050	5
166.2180	0
166.2310	6
166.2440	5
166.2570	3
166.2700	6
166.2830	4
166.2960	7
166.3090	2
166.3220	2
166.3350	8
166.3480	6
166.3610	7
166.3740	1
166.3870	2
166.4000	5
166.4130	3
166.4260	7
166.4390	8
166.4520	2
166.4650	1
166.4780	6
166.4910	8
166.5040	5
166.5170	3
166.5300	6
166.5430	4
166.5560	5
166.5690	5
166.5820	2
166.5950	5
166.6080	1
166.6210	2
166.6340	4
166.6470	4
166.6600	6
166.6730	5
166.6860	7
166.6990	7
166.7120	7
166.7250	6
166.7380	6
166.7510	6
166.7640	2
166.7770	4
166.7900	4
166.8030	8
166.8160	10
166.8290	4
166.8420	6
166.8550	3
166.8680	0
166.8810	4
166.8940	4
166.9070	9
166.9200	3
166.9330	3
166.9460	11
166.9590	3
166.9720	3
166.9850	4
166.9980	9
167.0110	2
167.0240	5
167.0370	3
167.0500	2
167.0630	10
167.0760	7
167.0890	3
167.1020	2
167.1150	6
167.1280	3
167.1410	5
167.1540	5
167.1670	0
167.1800	12
167.1930	5
167.2060	6
167.2190	5
167.2320	7
167.2450	6
167.2580	4
167.2710	6
167.2840	4
167.2970	4
167.3100	4
167.3230	1
167.3360	3
167.3490	8
167.3620	4
167.3750	3
167.3880	10
167.4010	4
167.4140	5
167.4270	6
167.4400	10
167.4530	5
167.4660	8
167.4790	2
167.4920	4
167.5050	3
167.5180	8
167.5310	5
167.5440	4
167.5570	10
167.5700	5
167.5830	5
167.5960	3
167.6090	2
167.6220	7
167.6350	6
167.6480	5
167.6610	6
167.6740	9
167.6870	4
167.7000	6
167.7130	3
167.7260	8
167.7390	4
167.7520	7
167.7650	3
167.7780	2
167.7910	3
167.8040	4
167.8170	5
167.8300	5
167.8430	4
167.8560	4
167.8690	2
167.8820	5
167.8950	4
167.9080	3
167.9210	6
167.9340	8
167.9470	1
167.9600	5
167.9730	2
167.9860	2
167.9990	4
168.0120	7
168.0250	6
168.0380	5
168.0510	5
168.0640	10
168.0770	5
168.0900	11
168.1030	0
168.1160	4
168.1290	2
168.1420	7
168.1550	2
168.1680	3
168.1810	8
168.1940	10
168.2070	9
168.2200	2
168.2330	4
168.2460	7
168.2590	4
168.2720	4
168.2850	4
168.2980	3
168.3110	4
168.3240	3
168.3370	3
168.3500	5
168.3630	3
168.3760	7
168.3890	2
168.4020	3
168.4150	6
168.4280	4
168.4410	4
168.4540	1
168.4670	1
168.4800	6
168.4930	7
168.5060	2
168.5190	5
168.5320	5
168.5450	7
168.5580	4
168.5710	7
168.5840	5
168.5970	0
168.6100	7
168.6230	5
168.6360	2
168.6490	3
168.6620	4
168.6750	4
168.6880	3
168.7010	2
168.7140	4
168.7270	12
168.7400	5
168.7530	4
168.7660	7
168.7790	5
168.7920	5
168.8050	3
168.8180	1
168.8310	3
168.8440	7
168.8570	2
168.8700	2
168.8830	3
168.8960	8
168.9090	4
168.9220	5
168.9350	1
168.9480	4
168.9610	5
168.9740	5
168.9870	6
169.0000	4
169.0130	4
169.0260	6
169.0390	2
169.0520	8
169.0650	6
169.0780	4
169.0910	7
169.1040	6
169.1170	5
169.1300	6
169.1430	6
169.1560	6
169.1690	7
169.1820	1
169.1950	2
169.2080	1
169.2210	5
169.2340	2
169.2470	9
169.2600	4
169.2730	7
169.2860	5
169.2990	4
169.3120	6
169.3250	5
169.3380	6
169.3510	7
169.3640	9
169.3770	4
169.3900	5
169.4030	4
169.4160	6
169.4290	3
169.4420	6
169.4550	4
169.4680	9
169.4810	3
169.4940	6
169.5070	10
169.5200	9
169.5330	5
169.5460	2
169.5590	5
169.5720	4
169.5850	9
169.5980	5
169.6110	7
169.6240	5
169.6370	4
169.6500	4
169.6630	3
169.6760	5
169.6890	7
169.7020	7
169.7150	3
169.7280	2
169.7410	4
169.7540	5
169.7670	6
169.7800	3
169.7930	4
169.8060	3
169.8190	9
169.8320	4
169.8450	4
169.8580	2
169.8710	2
169.8840	4
169.8970	4
169.9100	3
169.9230	3
169.9360	5
169.9490	1
169.9620	9
169.9750	5
169.9880	7
170.0010	6
170.0140	6
170.0270	6
170.0400	3
170.0530	4
170.0660	5
170.0790	11
170.0920	6
170.1050	5
170.1180	5
170.1310	3
170.1440	7
170.1570	7
170.1700	2
170.1830	5
170.1960	11
170.2090	7
170.2220	5
170.2350	4
170.2480	3
170.2610	1
170.2740	2
170.2870	1
170.3000	2
170.3130	3
170.3260	3
170.3390	1
170.3520	2
170.3650	0
170.3780	1
170.3910	0
170.4040	1
170.4170	0
170.4300	1
170.4430	1
170.4560	2
170.4690	3
170.4820	4
170.4950	2
170.5080	0
170.5210	2
170.5340	2
170.5470	3
170.5600	3
170.5730	6
170.5860	1
170.5990	2
170.6120	1
170.6250	3
170.6380	5
170.6510	6
170.6640	5
170.6770	3
170.6900	4
170.7030	2
170.7160	7
170.7290	2
170.7420	2
170.7550	2
170.7680	2
170.7810	4
170.7940	4
170.8070	1
170.8200	0
170.8330	0
170.8460	0
170.8590	0
170.8720	0
170.8850	0
170.8980	0
170.9110	0
170.9240	1
